1.66947
1.59396
-1.6961
-0.90077
-1.049
-1.49525
-2.57191
1.68036
-0.423736
-0.0964482
-0.215736
-0.179647
1.26373
1.14287
-0.733779
-1.76496
0.742331
-0.0828899
-1.4244
-1.04096
1.47036
0.0677366
-0.389426
-1.11981
-3.18302
1.6218
-0.154265
-1.57757
-0.400645
1.48013
-2.5418
0.685498
-0.661698
-1.72678
-1.20108
1.56494
-0.747926
0.0491483
1.55961
1.72261
2.13192
-1.2634
-0.627766
-0.0734714
-0.907991
1.06847
-1.4036
1.83434
-2.19601
-1.27087
-1.05544
-0.944163
-0.0974689
-1.28673
-0.0639763
1.77897
-1.37175
2.61216
1.91835
0.926792
0.582692
-1.04906
-0.0679652
-1.60253
-0.235391
-3.71864
2.22845
1.34444
0.0729611
-0.747796
-0.278258
0.335252
0.650784
0.441901
-0.432436
1.72507
0.676072
-1.92488
2.54559
-2.45138
1.63989
-1.14038
-3.13612
0.200059
-1.15809
2.11421
2.12824
0.24115
0.784522
-0.93455
-1.45155
-0.57953
0.303852
-0.245014
-1.0938
-3.4177
0.760268
-2.36008
1.4129
-1.16677
