-160.811
-186.874
-186.874
-235.118
-235.118
-254.364
-254.364
-277.227
-277.227
-277.227
-277.227
-277.227
-317.522
-357.168
-364.635
-364.635
-380.253
-386.46
-407.192
-451.945
-496.501
-496.501
-511.565
-511.565
-511.565
-545.163
-545.163
-545.163
-567.19
-623.526
-623.526
-623.526
-623.526
-697.111
-697.111
-697.111
-749.367
-749.367
-749.367
-800.817
-800.817
-800.817
-827.592
-827.592
-833.221
-833.221
-833.221
-833.221
-858.476
-858.476
-858.476
-873.209
-875.455
-875.455
-875.455
-875.455
-889.468
-899.355
-920.006
-920.006
-920.006
-920.006
-982.624
-982.624
-982.624
-1002.18
-1002.18
-1002.18
-1003.7
-1008.63
-1008.63
-1008.63
-1008.63
-1008.63
-1013.98
-1024.14
-1032.33
-1032.33
-1032.33
-1054.57
-1119.99
-1157.55
-1212.98
-1212.98
-1212.98
-1219.37
-1219.37
-1219.37
-1219.37
-1219.37
-1219.37
-1219.37
-1219.37
-1219.37
-1219.37
-1219.37
-1257.35
-1257.35
-1331.85
-1337.19
-1337.19
-1356.2
-1358.61
-1358.61
-1366.17
-1372.72
-1377.95
-1377.95
-1377.95
-1377.95
-1377.95
-1377.95
-1383.59
-1383.59
-1393.47
-1410.87
-1462.14
-1523.43
-1557.16
-1557.16
-1557.16
-1557.16
-1557.16
-1557.16
-1561.39
-1579.4
-1579.4
-1669.63
-1669.63
-1669.63
-1669.63
-1722.85
-1737.34
-1737.34
-1737.34
-1737.34
-1756.29
-1763.93
-1763.93
-1803.23
-1803.23
-1820.94
-1820.94
-1820.94
-1843.16
-1874.04
-1874.04
-1874.04
-1897.46
-1924.81
-1924.81
-1979.39
-1979.39
-2012.13
-2012.13
-2017.22
-2017.22
-2017.22
-2021.48
-2021.48
-2021.48
-2065
-2089.07
-2108.34
-2108.34
-2108.34
-2141.63
-2172.65
-2172.65
-2221.85
-2234.34
-2255.93
-2264.66
-2264.66
-2264.66
-2281.3
-2281.3
-2298.51
-2298.51
-2298.51
-2298.51
-2298.51
-2324.35
-2324.35
-2324.35
-2358.78
-2369.63
-2369.63
-2369.63
-2395.32
-2421.91
-2421.91
-2421.91
-2421.91
-2421.91
-2438.38
-2439.37
-2439.37
-2439.37
-2439.37
-2439.37
-2456.66
-2481.01
-2481.01
-2496.58
-2496.58
-2496.58
-2522.97
-2522.97
-2549.31
-2549.31
-2569.73
-2570.45
-2570.45
-2570.45
-2584.8
-2617.77
-2617.77
-2617.77
-2620.6
-2668.76
-2677.58
-2698.41
-2698.41
-2698.41
-2698.41
-2709.87
-2709.87
-2745.36
-2745.36
-2764.86
-2792.63
-2805.11
-2858.63
-2858.63
-2858.63
-2904.22
-2904.22
-2948.28
-2948.28
-2948.28
-2948.28
-2964.1
-2981
-2981
-2998.31
-2998.31
-3051.03
-3077.66
-3131.82
-3131.82
-3131.82
-3139.84
-3139.84
-3139.84
-3139.84
-3139.84
-3139.84
-3139.84
-3139.84
-3139.84
-3153.68
-3161.72
-3161.72
-3161.72
-3164.38
-3190.27
-3190.27
-3212.96
-3257.28
-3257.28
-3257.28
-3259.67
-3261.94
-3281.01
-3324.04
-3375.81
-3375.81
-3375.81
-3375.81
-3375.81
-3375.81
-3375.81
-3375.81
-3375.81
-3375.81
-3375.81
-3375.81
-3375.81
-3375.81
-3375.81
-3375.81
-3384.22
-3419.77
-3419.77
-3484.25
-3542.74
-3542.74
-3542.74
-3542.74
-3544.89
-3546.08
-3551.94
-3551.94
-3563.21
-3571.19
-3571.19
-3585.49
-3585.49
-3642.81
-3642.81
-3642.81
-3647.46
-3647.46
-3675.12
-3675.12
-3712.91
-3722.78
-3731.48
-3731.48
-3736.55
-3746.61
-3746.61
-3746.61
-3746.61
-3761.52
-3761.52
-3761.52
-3806.84
-3806.84
-3806.84
-3848.2
-3848.2
-3848.2
-3907.68
-3908.53
-3908.53
-3922.51
-3922.51
-3944.24
-3944.24
-3944.24
-4009.51
-4048.66
-4080.19
-4080.19
-4090.97
-4090.97
-4090.97
-4144.92
-4144.92
-4144.92
-4144.92
-4151.83
-4151.83
-4151.83
-4151.83
-4164.08
-4164.08
-4164.08
-4210.11
-4258.98
-4258.98
-4258.98
-4281.83
-4281.83
-4281.83
-4322.96
-4322.96
-4322.96
-4334.79
-4362.71
-4398.59
-4411.6
-4411.6
-4411.6
-4411.6
-4411.6
-4411.6
-4416.48
-4461.33
-4461.33
-4481.99
-4481.99
-4481.99
-4481.99
-4506.05
-4515.43
-4532.82
-4604.28
-4652.03
-4652.03
-4652.03
-4652.03
-4654.61
-4654.61
-4672.79
-4672.79
-4672.79
-4701.35
-4724.17
-4724.25
-4810.08
-4810.08
-4810.08
-4853.12
-4857.34
-4857.34
-4857.34
-4945.22
-4945.22
-4945.22
-4945.22
-4961.09
-4989.53
-4999.7
-4999.7
-5033.93
-5129.88
-5146.25
-5146.25
-5149.83
-5149.83
-5149.83
-5150.9
-5150.9
-5150.9
-5208.43
-5231.71
-5233.85
-5235.42
-5253.55
-5274.83
-5274.83
-5274.83
-5274.83
-5274.83
-5286.52
-5286.52
-5286.52
-5312.7
-5312.7
-5312.7
-5312.7
-5312.7
-5313.78
-5367.4
-5404.86
-5404.86
-5459.77
-5459.77
-5459.77
-5459.77
-5459.77
-5470.47
-5505.65
-5546.87
-5550.06
-5574.67
-5574.67
-5574.67
-5574.67
-5574.67
-5574.67
-5574.67
-5602.31
-5602.31
-5627.86
-5627.86
-5627.86
-5650.7
-5650.7
-5667.74
-5713.46
-5715.1
-5715.1
-5738.4
-5745.03
-5781.94
-5782.04
-5782.04
-5786.27
-5788.83
-5788.83
-5793.74
-5823.02
-5870.99
-5916.64
-5916.64
-5969.91
-5971.02
-6069.66
-6069.66
-6069.66
-6069.66
-6069.66
-6069.66
-6069.66
-6089.12
-6147.2
-6147.2
-6167.95
-6173.07
-6173.07
-6173.07
-6173.07
-6211.89
-6211.89
-6211.89
-6211.89
-6211.89
-6211.89
-6211.89
-6211.89
-6211.89
-6211.89
-6211.89
-6211.89
-6211.89
-6234.82
-6234.82
-6269.09
-6278.56
-6278.56
-6278.56
-6286.27
-6344.8
-6344.8
-6362.98
-6372.83
-6372.83
-6372.83
-6372.83
-6428.1
-6428.1
-6428.1
-6431.09
-6431.09
-6431.09
-6457.9
-6458.1
-6467.23
-6515.49
-6581.79
-6581.79
-6604.43
-6635
-6644.04
-6644.04
-6644.04
-6644.04
-6652.74
-6652.74
-6652.74
-6708.07
-6708.07
-6708.53
-6709.73
-6709.73
-6709.73
-6709.73
-6709.73
-6709.73
-6709.73
-6709.73
-6753.43
-6763.25
-6789.07
-6841.34
-6841.34
-6869.45
-6869.45
-6869.45
-6869.45
-6869.45
-6942.11
-6942.11
-6965.37
-6983.16
-6995.28
-7025.67
-7025.67
-7025.67
-7033.59
-7087.08
-7149.83
-7149.83
-7149.83
-7194.27
-7195.16
-7195.16
-7195.16
-7195.16
-7195.16
-7195.16
-7229.42
-7229.42
-7233.72
-7233.72
-7233.72
-7267.58
-7267.58
-7267.58
-7267.58
-7267.58
-7267.58
-7276.33
-7276.45
-7276.45
-7276.45
-7292.7
-7305.33
-7343.54
-7343.54
-7343.54
-7348.64
-7348.64
-7348.64
-7348.64
-7348.64
-7348.64
-7348.64
-7348.64
-7348.64
-7348.64
-7348.64
-7348.64
-7365.03
-7365.03
-7406.29
-7475.48
-7489.22
-7489.22
-7562.42
-7587.41
-7587.41
-7642.73
-7642.73
-7642.73
-7668.3
-7668.3
-7668.3
-7679.36
-7731.89
-7735.35
-7735.35
-7735.35
-7735.35
-7735.35
-7735.35
-7744.73
-7771.38
-7771.38
-7803.56
-7823.18
-7823.18
-7823.18
-7823.18
-7823.18
-7836.57
-7836.57
-7836.57
-7836.57
-7841.41
-7841.41
-7863.34
-7863.34
-7863.34
-7903.49
-7906.4
-7906.4
-7906.4
-7952.11
-7972.86
-8022.45
-8022.45
-8022.45
-8034.75
-8091.16
-8091.16
-8091.16
-8136.77
-8136.77
-8136.77
-8136.77
-8138.09
-8142.41
-8154.74
-8154.74
-8176.27
-8176.27
-8195.16
-8195.16
-8195.16
-8240.96
-8248.31
-8248.31
-8340.8
-8340.8
-8343.24
-8370.8
-8394.3
-8404.98
-8405.39
-8405.39
-8409.33
-8409.33
-8409.33
-8412.83
-8412.83
-8412.83
-8498.31
-8498.31
-8498.31
-8552.82
-8552.82
-8552.82
-8569.75
-8619.97
-8662.13
-8662.13
-8662.13
-8662.13
-8673.85
-8675.34
-8675.34
-8675.34
-8675.34
-8692.83
-8782.5
-8782.5
-8828.66
-8917.27
-8917.27
-8917.27
-8948.15
-8948.15
-8948.15
-8990.28
-9001.93
-9037.94
-9037.94
-9037.94
-9037.94
-9037.94
-9037.94
-9044.64
-9044.64
-9044.64
-9061.29
-9061.29
-9090.49
-9090.49
-9117.46
-9132.4
-9132.4
-9132.4
-9198.55
-9198.55
-9198.55
-9198.55
-9198.55
-9198.55
-9198.55
-9198.55
-9207.65
-9220.75
-9220.75
-9223.62
-9308.25
-9312.82
-9333.57
-9361.13
-9383.29
-9383.29
-9449.65
-9467.72
-9482.48
-9482.48
-9482.48
-9482.48
-9482.48
-9505.25
-9505.25
-9534.09
-9534.09
-9556.9
-9580.83
-9580.83
-9606.02
-9606.02
-9652.22
-9652.22
-9652.22
-9652.22
-9687.34
-9736.75
-9736.75
-9755.86
-9755.86
-9755.86
-9755.86
-9755.86
-9755.86
-9755.86
-9783.37
-9783.37
-9783.37
-9783.37
-9783.37
-9783.37
-9783.37
-9783.37
-9783.37
-9783.37
-9807.33
-9815.83
-9815.83
-9816.47
-9816.47
-9843.37
-9889.54
-9889.54
-9889.54
-9889.54
-9892.25
-9892.25
-9892.25
-9892.25
-9897.08
-9897.08
-9897.08
-9897.08
-9897.08
-9897.08
-9897.08
-9909.38
-9933.93
-9933.93
-9958.41
-9958.41
-9964.16
-9964.16
-9964.16
-9965.46
-9965.46
-10032.4
-10042.7
-10065.3
-10111.8
-10111.8
-10111.8
-10111.8
-10115.5
-10122.2
-10122.2
-10131.3
-10143.8
-10143.8
-10171.8
-10179.3
-10206.4
-10206.4
-10206.4
-10206.4
-10206.4
-10206.4
-10206.4
-10206.4
-10206.4
-10206.4
-10206.4
-10206.4
-10206.4
-10280
-10308.8
-10308.8
-10308.8
-10308.8
-10308.8
-10308.8
-10308.8
-10308.8
-10308.8
-10308.8
-10308.8
-10308.8
-10308.8
-10308.8
-10377.5
-10418
-10420.5
-10444.4
-10444.4
-10444.4
-10444.4
-10444.4
-10444.4
-10444.4
-10444.4
-10444.4
-10451.6
-10543.2
-10543.2
-10585.1
-10585.1
-10585.1
-10601.2
-10636.9
-10636.9
-10647.3
-10656.5
-10699.4
-10713.9
-10735.5
-10771.5
-10771.5
-10791.5
-10840.5
-10840.5
-10840.5
-10840.5
-10840.5
-10840.5
-10877.2
-10877.2
-10877.2
-10877.2
-10917.7
-10917.7
-10917.7
-10987.3
-10999.2
-11028.9
-11047.4
-11047.4
-11091.3
-11128
-11128
-11169.8
-11209.1
-11209.1
-11226.1
-11236
-11244.3
-11269.9
-11294
-11340.5
-11399.3
-11400.6
-11416.2
-11451.2
-11451.2
-11451.2
-11491.7
-11491.7
-11491.7
-11515.2
-11515.2
-11540.2
-11540.2
-11540.2
-11571.5
-11571.5
-11571.5
-11571.5
-11571.5
-11571.5
-11591.5
-11591.5
-11591.5
-11591.5
-11618.8
-11618.8
-11618.8
-11650.1
-11666.1
-11670.4
-11670.4
-11705.2
-11705.2
-11705.2
-11718.2
-11718.2
-11749.2
-11759.8
-11759.8
-11764.4
-11767.7
-11767.7
-11775.9
-11775.9
-11822
-11822
-11822
-11822
-11822
-11822
-11822
-11845.9
-11851.6
-11851.6
-11897
-11897
-11923.2
-11971.1
-11971.1
-11986.7
-12040.6
-12040.6
-12040.6
-12129.5
-12129.5
-12134.6
-12161.5
-12178.4
-12178.4
-12178.4
-12218
-12234.7
-12234.7
-12234.7
-12234.7
-12234.7
-12234.7
-12241.6
-12270.2
-12307.9
-12307.9
-12322.8
-12346
-12363.1
-12390.9
-12390.9
-12395.2
-12395.2
-12395.2
-12421.2
-12421.2
-12421.2
-12459.7
-12459.7
-12459.7
-12483.4
-12497.2
-12497.2
-12500
-12551.1
-12551.1
-12551.1
-12554.8
-12554.8
-12554.8
-12601.3
-12601.3
-12601.3
-12613.4
-12613.4
-12613.4
-12627.5
-12629
-12665.3
-12685.6
-12685.6
-12685.6
-12748.6
-12748.6
-12808
-12808
-12808
-12808
-12816
-12816
-12834.3
-12834.3
-12856.3
-12862.2
-12862.2
-12862.2
-12862.2
-12867.4
-12867.4
-12951.2
-13016.5
-13016.5
-13016.5
-13016.5
-13031.6
-13043.9
-13043.9
-13043.9
-13060.7
-13104.3
-13112.6
-13129.8
-13129.8
-13148.7
-13167
-13167
-13167
-13167
-13167
-13167
-13203.8
-13203.8
-13203.8
-13203.8
-13216.7
-13216.7
-13268.2
-13294.2
-13297
-13297
-13297
-13297
-13298.5
-13299.2
-13299.2
-13324.6
-13357.4
-13357.4
-13357.4
-13407.7
-13407.7
-13409
-13409
-13409
-13409
-13409
-13420.6
-13421.7
-13452.9
-13481.2
-13493
-13512.6
-13582.2
-13596.5
-13596.5
-13596.5
-13596.5
-13605.2
-13630.8
-13633.2
-13649.3
-13649.3
-13682.1
-13686
-13693.1
-13693.1
-13708.4
-13708.4
-13708.4
-13708.4
-13708.4
-13708.4
-13772.2
-13811.2
-13863.9
-13863.9
-13883.2
-13906
-13934.2
-13939.7
-13940.6
-14003.4
-14003.4
-14003.4
-14019.6
-14037.1
-14037.1
-14037.1
-14093.1
-14093.1
-14093.1
-14093.1
-14099.5
-14099.5
-14099.5
-14099.5
-14099.5
-14136.1
-14136.1
-14202.5
-14240.5
-14254.1
-14259.6
-14263.6
-14263.6
-14263.6
-14263.6
-14288.3
-14288.3
-14312
-14330
-14364.4
-14364.4
-14364.4
-14386.3
-14446.6
-14446.6
-14446.6
-14446.6
-14446.6
-14464.9
-14464.9
-14464.9
-14464.9
-14464.9
-14464.9
-14488.8
-14512.5
-14573.3
-14573.3
-14573.3
-14604.8
-14604.8
-14604.8
-14604.8
-14604.8
-14604.8
-14642.6
-14642.6
-14642.6
-14642.6
-14642.6
-14670.4
-14670.4
-14670.4
-14713.6
-14713.6
-14713.6
-14713.6
-14713.6
-14713.6
-14724.9
-14724.9
-14724.9
-14724.9
-14724.9
-14724.9
-14724.9
-14724.9
-14724.9
-14800.3
-14800.3
-14800.3
-14810.5
-14810.5
-14810.5
-14810.5
-14810.5
-14810.5
-14810.5
-14810.5
-14849
-14849
-14849
-14849
-14849
-14875.7
-14908.5
-14908.5
-14926.7
-14926.7
-14938.9
-14938.9
-14951
-14951
-14951
-14951
-14979.2
-14979.2
-14979.2
-14979.2
-14979.2
-15037.7
-15066.3
-15066.3
-15066.3
-15087.5
-15114.8
-15130
-15130
-15130
-15148.3
-15148.3
-15148.3
-15161.8
-15164.9
-15204.7
-15204.7
-15204.7
-15225.3
-15233.7
-15267.2
-15267.2
-15267.2
-15292.2
-15316.6
-15316.6
-15316.6
-15316.6
-15357
-15357
-15357
-15357
-15357
-15377.9
-15377.9
-15377.9
-15377.9
-15384.6
-15384.6
-15427.9
-15467.1
-15498.6
-15507.4
-15507.4
-15519.8
-15519.8
-15554.7
-15595
-15595
-15595
-15608.3
-15608.3
-15608.3
-15617.3
-15617.3
-15625.7
-15625.7
-15652.3
-15652.3
-15674
-15677.8
-15677.8
-15677.8
-15720.9
-15720.9
-15722.7
-15733.5
-15733.5
-15746.8
-15746.8
-15746.8
-15746.8
-15746.8
-15746.8
-15786.4
-15786.4
-15836.8
-15836.8
-15840.6
-15840.6
-15840.6
-15840.6
-15845.5
-15933.3
-15933.3
-15987.2
-15987.2
-15987.2
-16041.8
-16041.8
-16041.8
-16063.2
-16082.4
-16082.4
-16082.4
-16097.7
-16097.7
-16131.8
-16131.8
-16131.8
-16131.8
-16131.8
-16155.3
-16155.3
-16155.3
-16157
-16157
-16157.5
-16157.5
-16162.1
-16162.1
-16199.9
-16206.7
-16242.8
-16261.6
-16261.6
-16305.6
-16309.7
-16357.9
-16357.9
-16411.1
-16411.1
-16439
-16439
-16439
-16439
-16439
-16439
-16449.1
-16449.1
-16458.9
-16458.9
-16462.8
-16480.6
-16480.6
-16504.3
-16522.3
-16558.9
-16558.9
-16632.1
-16632.1
-16632.1
-16665
-16665
-16665
-16665
-16665
-16677.5
-16759.9
-16759.9
-16780.6
-16780.6
-16780.6
-16780.8
-16825.5
-16919
-16919
-16919
-16919
-16926.5
-16926.5
-16926.5
-16926.5
-16926.5
-16926.5
-16934.2
-16934.2
-16934.2
-16937.5
-16937.5
-16959
-16959
-16967.1
-16972.1
-16994.4
-16994.4
-16994.4
-16994.4
-17058.7
-17058.7
-17097.7
-17143.4
-17144.5
-17144.5
-17144.5
-17144.5
-17144.5
-17144.5
-17144.5
-17144.5
-17144.5
-17186.8
-17186.8
-17203.6
-17215.6
-17215.6
-17232.8
-17239
-17239
-17255.8
-17255.8
-17255.8
-17255.8
-17255.8
-17255.8
-17269.3
-17269.3
-17298.2
-17298.2
-17298.2
-17298.2
-17298.2
-17298.2
-17298.2
-17298.2
-17298.2
-17298.2
-17334.5
-17334.5
-17334.5
-17334.5
-17385.6
-17398.8
-17416.2
-17416.2
-17425.1
-17425.1
-17425.1
-17465.1
-17491.6
-17527.5
-17527.5
-17555.4
-17598.6
-17598.6
-17621.5
-17638.2
-17638.2
-17646
-17646
-17657.7
-17705.2
-17705.2
-17705.2
-17705.2
-17705.2
-17705.2
-17705.2
-17705.2
-17752.3
-17752.3
-17752.3
-17833.9
-17833.9
-17854.7
-17854.7
-17854.7
-17854.7
-17854.7
-17915.6
-17915.6
-17915.6
-17943
-17943
-17943
-17957.6
-17957.6
-17996.5
-17996.5
-17996.5
-17996.5
-17996.5
-17996.5
-18016.8
-18047.2
-18096.5
-18137.9
-18149.5
-18151.6
-18151.6
-18151.6
-18199
-18199
-18199
-18199
-18199
-18199
-18199
-18199
-18199
-18202.3
-18202.3
-18232.4
-18232.4
-18273.3
-18273.3
-18305
-18305
-18305
-18367.7
-18379.1
-18379.1
-18379.1
-18399.3
-18400.1
-18400.1
-18400.1
-18425.7
-18425.7
-18425.7
-18455.7
-18455.7
-18462.8
-18462.8
-18462.8
-18462.8
-18514
-18540.2
-18558
-18563.3
-18563.3
-18563.3
-18563.3
-18563.3
-18563.3
-18576.5
-18576.5
-18623.6
-18623.6
-18623.6
-18623.6
-18689.4
-18689.4
-18693.4
-18693.4
-18693.4
-18693.4
-18693.4
-18709.2
-18709.2
-18732.4
-18745.7
-18745.7
-18781.8
-18781.8
-18781.8
-18781.8
-18781.8
-18832.7
-18839.6
-18839.6
-18839.6
-18839.6
-18839.6
-18839.6
-18888.8
-18920
-18920
-18920
-18954.2
-18954.2
-18954.2
-18954.2
-18954.2
-18959
-18959
-18982.6
-18982.6
-18982.6
-18982.6
-19022
-19059.3
-19066.5
-19090.2
-19158.2
-19158.2
-19158.2
-19158.2
-19158.2
-19158.2
-19158.2
-19158.2
-19177.4
-19177.4
-19177.4
-19177.4
-19214.2
-19259.5
-19259.5
-19292.4
-19305.5
-19305.5
-19305.5
-19317.2
-19317.2
-19317.2
-19317.2
-19325.7
-19340.5
-19373.9
-19373.9
-19373.9
-19373.9
-19373.9
-19373.9
-19399.8
-19443
-19443
-19443
-19443
-19448.4
-19448.4
-19454.3
-19454.3
-19514.7
-19581.6
-19581.6
-19581.6
-19581.6
-19581.6
-19593.2
-19601.7
-19601.7
-19601.7
-19601.7
-19601.7
-19601.7
-19601.7
-19690
-19690
-19690
-19690
-19690
-19690
-19707.9
-19707.9
-19707.9
-19707.9
-19751.1
-19751.1
-19780.2
-19780.2
-19809
-19835.4
-19837.9
-19837.9
-19837.9
-19888.7
-19888.7
-19888.7
-19889.7
-19889.7
-19896.6
-19896.6
-19897.6
-19897.6
-19897.6
-19941.6
-20001.8
-20001.8
-20026.4
-20030.4
-20030.4
-20042.4
-20042.4
-20042.4
-20042.4
-20042.4
-20042.4
-20054.7
-20073.5
-20076.1
-20076.1
-20076.1
-20076.1
-20076.1
-20076.1
-20076.1
-20076.1
-20076.1
-20076.1
-20076.1
-20076.8
-20076.8
-20076.8
-20091.9
-20119.3
-20119.3
-20119.3
-20119.3
-20152.2
-20152.2
-20152.2
-20180.2
-20180.2
-20180.2
-20197.5
-20197.5
-20197.5
-20197.5
-20197.5
-20207.9
-20230.4
-20243.4
-20243.4
-20245.5
-20245.5
-20245.5
-20270.8
-20286.8
-20330
-20363.8
-20363.8
-20400
-20400
-20452.2
-20452.2
-20452.2
-20452.2
-20452.2
-20488.7
-20488.7
-20488.7
-20491.2
-20499.5
-20520
-20520
-20520
-20520
-20542.7
-20542.7
-20542.7
-20542.7
-20542.7
-20542.7
-20542.7
-20561.2
-20577.8
-20580.8
-20580.8
-20608.4
-20608.4
-20608.4
-20625.8
-20632.7
-20632.7
-20632.7
-20654.9
-20679.2
-20679.2
-20679.2
-20700.2
-20755.3
-20770.5
-20770.5
-20845.6
-20849.9
-20849.9
-20879.2
-20879.2
-20879.2
-20879.2
-20888.5
-20888.8
-20888.8
-20888.8
-20888.8
-20888.8
-20888.8
-20888.8
-20920.5
-20941.1
-20941.1
-20941.1
-20975.6
-20984.1
-21001.5
-21012.9
-21060.2
-21060.2
-21060.2
-21129.8
-21129.8
-21159.4
-21159.4
-21159.4
-21159.4
-21159.4
-21159.4
-21159.4
-21159.4
-21241
-21299.7
-21317
-21317
-21317
-21343.1
-21365.5
-21365.5
-21365.5
-21365.5
-21365.5
-21365.5
-21365.5
-21374.6
-21374.6
-21374.6
-21374.6
-21374.6
-21374.6
-21398
-21398
-21410.4
-21441.8
-21454.1
-21476.3
-21485.1
-21485.1
-21485.1
-21485.1
-21485.1
-21485.1
-21485.1
-21485.1
-21485.1
-21485.1
-21485.1
-21499.5
-21499.5
-21499.5
-21510.1
-21515.9
-21515.9
-21515.9
-21571.5
-21571.5
-21571.5
-21571.5
-21572.8
-21572.8
-21622.2
-21622.2
-21622.2
-21653.3
-21653.3
-21653.3
-21653.3
-21660.8
-21660.8
-21708.8
-21777.1
-21777.1
-21819.8
-21857.4
-21867.5
-21867.5
-21867.5
-21867.5
-21874.4
-21890.4
-21890.4
-21890.4
-21890.4
-21890.4
-21918.9
-21918.9
-21934.9
-21934.9
-21947.8
-21966.2
-21966.2
-21966.2
-21966.2
-21966.2
-21999
-22030.3
-22030.3
-22030.3
-22030.3
-22030.3
-22030.3
-22030.3
-22030.3
-22030.3
-22030.3
-22030.3
-22030.3
-22035.6
-22035.9
-22052.3
-22052.3
-22052.3
-22077
-22112.8
-22130.3
-22142.7
-22142.7
-22142.7
-22142.7
-22162.3
-22162.3
-22162.3
-22162.3
-22162.3
-22162.3
-22166.6
-22194.6
-22194.6
-22219.8
-22226.6
-22265.4
-22297
-22312.5
-22316.6
-22320.6
-22328.4
-22328.4
-22328.4
-22328.4
-22328.4
-22328.4
-22356.2
-22356.2
-22356.2
-22382.7
-22406.9
-22406.9
-22406.9
-22418.4
-22418.4
-22418.4
-22452.7
-22452.7
-22452.7
-22468.8
-22468.8
-22468.8
-22541.9
-22541.9
-22605.5
-22605.5
-22608
-22608
-22608
-22608
-22608
-22608
-22608
-22608
-22608
-22608
-22608
-22608
-22632.7
-22632.7
-22632.7
-22632.7
-22636.3
-22636.3
-22655.8
-22655.8
-22655.8
-22655.8
-22688.3
-22690.9
-22690.9
-22691.5
-22691.5
-22691.5
-22691.5
-22691.5
-22691.5
-22708.1
-22731.9
-22731.9
-22731.9
-22742.3
-22742.3
-22742.3
-22743.3
-22751
-22766.3
-22766.3
-22774.7
-22774.7
-22774.7
-22787.4
-22820.6
-22820.6
-22836.5
-22836.5
-22842.1
-22880.4
-22931.4
-22931.4
-22931.4
-22970.6
-22970.6
-22970.6
-22970.6
-22970.6
-22991.7
-22992.5
-23075.6
-23075.6
-23075.6
-23097.5
-23097.5
-23139.1
-23139.1
-23153
-23153
-23153
-23160.2
-23165.1
-23165.1
-23185.9
-23185.9
-23191
-23191
-23208.5
-23208.5
-23271.7
-23271.7
-23271.7
-23312.8
-23312.8
-23312.8
-23312.8
-23346.1
-23346.1
-23355.1
-23419.4
-23425
-23425
-23425
-23459.8
-23459.8
-23464.8
-23495.5
-23495.5
-23495.5
-23495.5
-23495.5
-23501.7
-23501.7
-23531.5
-23554.2
-23554.2
-23554.2
-23554.2
-23577.8
-23577.8
-23577.8
-23591.7
-23593.9
-23593.9
-23593.9
-23596.4
-23600.6
-23608.3
-23643
-23643
-23643
-23689
-23689
-23699.1
-23703.5
-23703.5
-23703.5
-23703.5
-23703.5
-23703.5
-23703.5
-23712.8
-23712.8
-23712.8
-23760
-23760
-23760
-23780.9
-23780.9
-23780.9
-23803.9
-23847.4
-23885
-23906.4
-23933.1
-23964.1
-23969.2
-23992.3
-23992.3
-24061.8
-24061.8
-24121.1
-24121.1
-24121.1
-24123.2
-24134.2
-24134.2
-24139.4
-24152.1
-24169.1
-24169.1
-24169.1
-24169.1
-24189.5
-24189.5
-24213.3
-24213.3
-24213.3
-24213.3
-24243.1
-24243.1
-24250.8
-24250.8
-24272.3
-24272.3
-24272.3
-24302.9
-24304.4
-24318
-24318
-24318
-24318
-24329.3
-24329.3
-24410
-24410
-24410.8
-24410.8
-24410.8
-24410.8
-24410.8
-24410.8
-24430.9
-24448.1
-24448.1
-24448.1
-24448.1
-24454.7
-24454.7
-24496.7
-24496.7
-24504.9
-24504.9
-24512.2
-24512.2
-24512.2
-24512.2
-24551.7
-24583.7
-24636.8
-24636.8
-24636.8
-24636.8
-24636.8
-24636.8
-24636.8
-24636.8
-24636.8
-24636.8
-24636.8
-24636.8
-24636.8
-24636.8
-24650.9
-24670.3
-24670.3
-24670.3
-24700.4
-24715.5
-24719.7
-24719.7
-24733.9
-24733.9
-24733.9
-24733.9
-24733.9
-24737
-24747
-24747
-24793
-24829
-24829
-24841.6
-24841.6
-24841.6
-24841.6
-24943.2
-24943.2
-24975.2
-24975.2
-24983.8
-24983.8
-25007.3
-25007.3
-25007.3
-25018.2
-25018.2
-25051.7
-25051.7
-25071.4
-25136.8
-25149.4
-25149.4
-25149.4
-25160.9
-25160.9
-25160.9
-25195.4
-25204
-25215
-25227.5
-25264
-25309.5
-25350
-25367.3
-25367.3
-25367.3
-25367.3
-25377.5
-25401.8
-25401.8
-25401.8
-25405.7
-25405.7
-25408.6
-25408.6
-25408.6
-25409.2
-25409.2
-25409.2
-25409.2
-25409.2
-25409.2
-25422.5
-25422.5
-25422.5
-25422.5
-25422.5
-25422.5
-25422.5
-25428.1
-25450.2
-25467.6
-25505.4
-25519.1
-25519.1
-25519.1
-25519.1
-25519.1
-25528.9
-25548.6
-25559.1
-25559.1
-25633.5
-25652.3
-25674.9
-25678.6
-25695.4
-25711.2
-25735.9
-25735.9
-25759.3
-25774.3
-25826.3
-25867.6
-25920.3
-25920.3
-25920.3
-25920.3
-25972.4
-25983.5
-25987.4
-25987.4
-25987.4
-25987.4
-25989.8
-25989.8
-25989.8
-25989.8
-25989.8
-25989.8
-25989.8
-25990
-25990
-25990
-25999.2
-25999.2
-25999.2
-26054.9
-26054.9
-26054.9
-26058.9
-26083.2
-26114.3
-26114.3
-26134.8
-26151.5
-26151.5
-26160.3
-26189.6
-26224.8
-26224.8
-26224.8
-26224.8
-26224.8
-26274.5
-26274.5
-26294
-26345.4
-26345.4
-26345.4
-26386.4
-26386.4
-26408.5
-26408.5
-26408.5
-26408.5
-26408.5
-26416.3
-26457.4
-26475.9
-26475.9
-26475.9
-26475.9
-26475.9
-26531.6
-26531.6
-26599
-26644.1
-26644.1
-26644.1
-26644.1
-26644.1
-26703.4
-26703.4
-26703.4
-26720.6
-26791.3
-26822.4
-26822.4
-26822.4
-26826.4
-26826.4
-26826.4
-26826.4
-26826.4
-26868.9
-26868.9
-26868.9
-26868.9
-26868.9
-26868.9
-26876.5
-26876.5
-26876.5
-26876.5
-26876.5
-26876.5
-26876.5
-26888.5
-26888.5
-26888.5
-26888.5
-26888.5
-26904.8
-26904.8
-26904.8
-26912.9
-26912.9
-26963.9
-27019.7
-27019.9
-27019.9
-27051.8
-27051.8
-27096.2
-27096.2
-27105.8
-27105.8
-27105.8
-27105.8
-27114.4
-27114.4
-27114.4
-27114.4
-27142.2
-27142.9
-27142.9
-27142.9
-27180.1
-27180.1
-27224.2
-27224.2
-27224.2
-27224.2
-27241.7
-27241.7
-27278.5
-27278.5
-27310.5
-27310.5
-27310.5
-27310.5
-27335.3
-27335.3
-27340.4
-27374.4
-27374.4
-27374.4
-27410
-27410
-27432.6
-27442.8
-27442.8
-27442.8
-27442.8
-27450.2
-27450.2
-27488.5
-27556.5
-27556.5
-27606.8
-27606.8
-27610.1
-27631.1
-27631.1
-27644.5
-27644.5
-27644.5
-27644.5
-27644.5
-27654.5
-27654.5
-27654.5
-27679.3
-27679.3
-27679.3
-27679.3
-27695.9
-27733.9
-27733.9
-27733.9
-27733.9
-27733.9
-27733.9
-27733.9
-27733.9
-27743.3
-27780.2
-27780.2
-27793.1
-27799.5
-27799.5
-27799.5
-27818.8
-27818.8
-27818.8
-27858.7
-27858.7
-27858.7
-27894.9
-27932.4
-27932.4
-27932.4
-27932.4
-27949.6
-27949.6
-27949.6
-27949.6
-27949.6
-27949.6
-27972.9
-27972.9
-27998.8
-28018.2
-28031
-28031
-28031
-28031
-28031
-28031
-28031
-28031
-28031
-28052.6
-28052.6
-28052.6
-28073.1
-28073.1
-28073.1
-28122.1
-28122.1
-28122.1
-28122.1
-28122.1
-28164.7
-28217.7
-28217.7
-28246.7
-28298.9
-28298.9
-28316.9
-28350.9
-28350.9
-28378.9
-28435.4
-28484.4
-28492
-28538.4
-28538.4
-28538.4
-28538.4
-28538.4
-28592.5
-28592.5
-28617.8
-28627.4
-28627.4
-28642.6
-28661.7
-28661.7
-28661.7
-28661.7
-28677.6
-28681.6
-28681.6
-28681.6
-28681.6
-28681.6
-28681.6
-28681.6
-28681.6
-28681.6
-28681.9
-28681.9
-28681.9
-28689
-28689
-28689
-28689
-28718.8
-28718.8
-28718.8
-28718.8
-28718.8
-28791.2
-28856
-28856
-28892.3
-28892.3
-28892.3
-28892.3
-28892.3
-28915.5
-28927.8
-28927.8
-28927.8
-28976.6
-28980.1
-28981.5
-28986.2
-28986.2
-29023.2
-29024.2
-29030.8
-29030.8
-29083.6
-29083.6
-29136.9
-29143.4
-29152.2
-29170.2
-29197.6
-29197.6
-29239.6
-29240.1
-29256.3
-29268.5
-29268.5
-29268.5
-29268.5
-29286.5
-29339.8
-29339.8
-29376.2
-29376.2
-29382
-29396.4
-29442.8
-29469.7
-29469.7
-29469.7
-29469.7
-29469.7
-29500.8
-29500.8
-29500.8
-29500.8
-29500.8
-29500.8
-29500.8
-29500.8
-29500.8
-29519.4
-29549.1
-29549.1
-29549.1
-29578.8
-29578.8
-29578.8
-29583.6
-29606.4
-29606.4
-29629
-29629
-29684.6
-29696.2
-29696.2
-29696.2
-29779.8
-29779.8
-29817.8
-29841.4
-29841.4
-29890.9
-29890.9
-29890.9
-29890.9
-29890.9
-29918.2
-29933.9
-30001.8
-30050.6
-30111
-30111
-30111
-30111
-30122.7
-30140.5
-30140.5
-30140.5
-30140.5
-30150.7
-30150.7
-30158.3
-30174.6
-30193
-30222.8
-30222.8
-30222.8
-30222.8
-30222.8
-30222.8
-30222.8
-30288.1
-30288.1
-30303
-30303
-30303
-30304.8
-30304.8
-30304.8
-30304.8
-30304.8
-30304.8
-30304.8
-30326.9
-30326.9
-30329.5
-30356.4
-30356.4
-30359.7
-30359.7
-30359.7
-30359.7
-30359.7
-30359.7
-30373.7
-30373.7
-30403.3
-30403.3
-30420.2
-30452.4
-30460.9
-30498.5
-30517.2
-30517.2
-30517.2
-30517.2
-30517.2
-30517.2
-30549.9
-30567.3
-30567.3
-30595.9
-30602.7
-30630.6
-30693.9
-30693.9
-30693.9
-30693.9
-30693.9
-30704.4
-30704.4
-30704.4
-30708.3
-30708.3
-30710.6
-30710.6
-30724.9
-30724.9
-30724.9
-30791.9
-30841.8
-30841.8
-30841.8
-30867.7
-30868.3
-30868.3
-30868.3
-30882.6
-30908.1
-30924.5
-30924.5
-30924.5
-30924.5
-30957.6
-30957.6
-30957.6
-30957.6
-30957.6
-31005.2
-31029.7
-31029.7
-31031.5
-31031.5
-31031.5
-31041
-31041
-31041
-31041
-31076.9
-31076.9
-31076.9
-31078.4
-31089.7
-31089.7
-31089.7
-31089.7
-31124.1
-31147.3
-31147.3
-31178.8
-31190.9
-31190.9
-31191.6
-31191.6
-31191.6
-31191.6
-31191.6
-31191.6
-31215.5
-31240
-31300
-31300
-31351.8
-31351.8
-31351.8
-31351.8
-31351.8
-31351.8
-31392.6
-31408.5
-31408.5
-31448.1
-31448.1
-31448.1
-31454.2
-31454.2
-31454.2
-31454.2
-31454.2
-31454.2
-31454.2
-31454.2
-31459.5
-31472.6
-31472.6
-31472.6
-31472.6
-31472.6
-31489.1
-31489.1
-31489.1
-31527.6
-31540.4
-31540.4
-31591.6
-31641.1
-31641.1
-31641.1
-31696.4
-31696.4
-31696.4
-31720.5
-31720.5
-31737.8
-31749.8
-31749.8
-31775.2
-31778.4
-31811.3
-31835.7
-31835.7
-31835.7
-31835.7
-31835.7
-31862.7
-31862.7
-31909.9
-31909.9
-31975.1
-32016.9
-32020.2
-32020.2
-32086.4
-32086.4
-32086.4
-32122.6
-32122.6
-32122.6
-32126.2
-32126.2
-32126.2
-32126.2
-32126.2
-32126.2
-32126.2
-32143.5
-32143.5
-32143.5
-32143.5
-32143.5
-32143.5
-32143.5
-32153.3
-32153.3
-32153.3
-32153.3
-32153.3
-32153.3
-32154
-32154
-32170.6
-32170.6
-32223.2
-32226.6
-32238.5
-32263.2
-32268.3
-32268.3
-32271.6
-32271.6
-32271.6
-32313.8
-32313.8
-32313.8
-32331.9
-32331.9
-32331.9
-32331.9
-32350.5
-32396.2
-32407.2
-32424.1
-32424.6
-32454.7
-32480.3
-32492.7
-32525.1
-32525.1
-32525.1
-32525.1
-32544.7
-32544.7
-32553.5
-32553.5
-32553.5
-32553.5
-32581.5
-32600.9
-32629.1
-32629.1
-32629.1
-32666.1
-32666.1
-32666.1
-32666.1
-32666.1
-32666.1
-32675.8
-32715.1
-32807.4
-32857.8
-32857.8
-32857.8
-32885.3
-32919.7
-32973.2
-32991.8
-33060.3
-33060.3
-33092.9
-33106.4
-33161.2
-33161.2
-33189.8
-33211.6
-33211.6
-33243.4
-33243.4
-33243.4
-33255
-33271.9
-33271.9
-33271.9
-33306.1
-33309.1
-33319
-33319
-33319
-33319
-33319
-33389.3
-33389.3
-33389.3
-33389.3
-33394.6
-33420.7
-33429.4
-33443.2
-33443.2
-33474.4
-33509.8
-33534
-33579.1
-33599.4
-33599.4
-33599.4
-33599.4
-33599.4
-33599.4
-33599.4
-33607.4
-33633.1
-33681.3
-33681.3
-33688.6
-33688.6
-33688.6
-33688.6
-33688.6
-33688.6
-33768
-33844.1
-33844.1
-33886.8
-33886.8
-33927.7
-33927.7
-33927.7
-33927.7
-33927.7
-33927.7
-33940.9
-33947.7
-33947.7
-33971
-33994
-33994
-33994
-33994
-34058.4
-34058.4
-34058.4
-34058.4
-34061.5
-34065.4
-34074.3
-34087.9
-34087.9
-34087.9
-34087.9
-34087.9
-34087.9
-34087.9
-34087.9
-34087.9
-34087.9
-34142.7
-34142.7
-34142.7
-34142.7
-34160.9
-34213.1
-34233.7
-34233.7
-34246.5
-34261.7
-34261.7
-34302.8
-34324.6
-34324.6
-34335.6
-34344.3
-34364
-34396.2
-34396.2
-34488
-34500.2
-34500.2
-34502.8
-34541.9
-34567.4
-34567.4
-34594.1
-34627.2
-34627.6
-34627.6
-34627.6
-34627.6
-34627.6
-34627.6
-34627.6
-34627.6
-34653.6
-34653.6
-34653.6
-34653.6
-34653.6
-34653.6
-34653.6
-34653.6
-34653.6
-34713.1
-34713.1
-34713.1
-34724.8
-34724.8
-34724.8
-34724.8
-34732.7
-34732.7
-34732.7
-34768
-34788.2
-34788.2
-34795.5
-34795.5
-34795.5
-34795.5
-34795.5
-34795.5
-34795.5
-34828.9
-34828.9
-34848.2
-34881.5
-34919.3
-34919.3
-34998.2
-34998.2
-34998.2
-34998.2
-34998.2
-34998.2
-34998.2
-34998.2
-35030.7
-35033.5
-35036
-35045.2
-35061
-35082.7
-35082.7
-35086.1
-35115.7
-35122.7
-35122.7
-35142
-35142
-35144.3
-35199.5
-35199.5
-35199.5
-35226.6
-35264.1
-35264.1
-35264.1
-35264.1
-35264.1
-35264.1
-35264.1
-35264.1
-35285.6
-35322.5
-35322.5
-35322.5
-35346
-35346
-35398.9
-35398.9
-35399.1
-35413.8
-35413.8
-35413.8
-35413.8
-35413.8
-35429
-35456.4
-35456.4
-35478.5
-35478.5
-35509.2
-35509.2
-35534.4
-35534.4
-35551.5
-35571.2
-35571.2
-35636.7
-35636.7
-35647.9
-35647.9
-35652.6
-35676.6
-35730.7
-35730.7
-35754.4
-35755.9
-35756.8
-35763
-35763
-35763
-35803.7
-35803.7
-35812.9
-35848.1
-35848.1
-35848.1
-35862.6
-35862.6
-35904
-35971.1
-35971.1
-35971.1
-36000.4
-36000.4
-36000.4
-36000.4
-36055.7
-36083.6
-36090.4
-36142.3
-36142.3
-36147.4
-36175.9
-36175.9
-36175.9
-36175.9
-36175.9
-36175.9
-36175.9
-36258.1
-36258.1
-36258.1
-36288.7
-36313.4
-36355.2
-36355.2
-36411.3
-36420.1
-36430
-36437.3
-36437.3
-36498.3
-36498.3
-36498.3
-36514.5
-36514.5
-36514.5
-36537.1
-36580.6
-36599.3
-36630.9
-36630.9
-36630.9
-36630.9
-36630.9
-36630.9
-36637.8
-36643.4
-36643.4
-36643.4
-36643.4
-36682.5
-36710.4
-36710.4
-36714.6
-36767.9
-36820.8
-36820.8
-36820.8
-36860.8
-36876.4
-36876.4
-36896.5
-36896.5
-36904.2
-36913.2
-36913.2
-36913.2
-36952.7
-36952.7
-36952.7
-36952.7
-36952.7
-36952.7
-36952.7
-36979.1
-36997.3
-36997.3
-36997.3
-37010.5
-37010.5
-37010.5
-37010.5
-37010.5
-37010.5
-37060.3
-37068.6
-37126.6
-37174.4
-37174.4
-37174.4
-37208.4
-37216.4
-37232.4
-37232.4
-37232.4
-37232.4
-37237.4
-37294.2
-37321.8
-37321.8
-37321.8
-37321.8
-37321.8
-37321.8
-37321.8
-37321.8
-37321.8
-37338.3
-37338.3
-37338.3
-37338.3
-37338.3
-37338.3
-37338.3
-37338.3
-37338.3
-37380.9
-37408.2
-37425.2
-37425.2
-37436.4
-37436.4
-37436.4
-37436.4
-37476.1
-37476.1
-37476.1
-37476.1
-37476.1
-37476.1
-37476.1
-37492.3
-37492.3
-37492.3
-37492.3
-37492.3
-37492.3
-37492.3
-37504.3
-37541.7
-37541.7
-37541.7
-37541.7
-37541.7
-37610.9
-37610.9
-37610.9
-37633.5
-37633.5
-37689.7
-37702.4
-37710.4
-37710.4
-37714.2
-37780.5
-37809.4
-37809.4
-37809.4
-37809.4
-37861.6
-37877.5
-37877.5
-37881.2
-37881.2
-37881.2
-37893.8
-37929.3
-37929.3
-37929.3
-37943.9
-37943.9
-38047.6
-38086.1
-38100.6
-38101.3
-38130
-38170.1
-38171.3
-38185
-38185
-38185
-38221.6
-38221.6
-38245.7
-38245.7
-38303.7
-38303.7
-38303.7
-38303.7
-38315.3
-38315.3
-38315.3
-38318.1
-38333.4
-38333.4
-38351.7
-38351.7
-38351.7
-38351.7
-38351.7
-38382.7
-38382.7
-38429
-38429
-38429
-38429
-38432
-38441.9
-38524
-38524
-38606.3
-38619.4
-38661.5
-38661.5
-38661.5
-38669
-38669
-38683.8
-38683.8
-38683.8
-38683.8
-38690.6
-38730
-38737.6
-38780.2
-38780.2
-38836
-38836
-38836
-38836
-38836
-38836
-38836.4
-38836.4
-38836.4
-38836.4
-38836.4
-38865.4
-38897.4
-38897.4
-38904.2
-38949.2
-38949.2
-38970.5
-38970.5
-39003.7
-39061
-39093.5
-39119.6
-39169.3
-39169.3
-39169.3
-39169.3
-39169.3
-39169.3
-39182.3
-39182.3
-39182.3
-39184.2
-39204.7
-39210.2
-39210.2
-39210.2
-39210.2
-39225.2
-39258.5
-39258.5
-39258.5
-39258.5
-39274.8
-39274.8
-39274.8
-39302.4
-39310.8
-39310.8
-39310.8
-39310.8
-39310.8
-39347.2
-39354.3
-39365.5
-39365.5
-39365.5
-39365.5
-39365.5
-39373.3
-39386.3
-39386.3
-39386.3
-39388
-39388
-39408.3
-39408.3
-39433.8
-39458.1
-39478.7
-39484.3
-39502.1
-39502.1
-39509.4
-39544
-39544
-39544
-39544
-39544
-39550.1
-39550.1
-39583.5
-39589.2
-39589.2
-39589.2
-39602.5
-39633.4
-39694.6
-39694.6
-39695.5
-39695.5
-39745.3
-39745.3
-39745.3
-39745.3
-39745.3
-39745.3
-39767
-39767
-39767
-39767
-39767
-39767
-39767
-39803
-39820.8
-39820.8
-39820.8
-39846
-39851.3
-39851.3
-39851.3
-39851.3
-39851.3
-39851.3
-39871.7
-39871.7
-39871.7
-39871.7
-39871.7
-39898.2
-39898.2
-39899.8
-39948
-39948
-39948
-39959.9
-39959.9
-39959.9
-39965.9
-39972.7
-39972.7
-39972.7
-39972.7
-39972.7
-39972.7
-39972.7
-39972.7
-39972.7
-39972.7
-39972.7
-39972.7
-39972.7
-40018.4
-40018.4
-40018.4
-40048.3
-40048.3
-40048.3
-40059.3
-40076.2
-40150.1
-40150.1
-40226.9
-40226.9
-40249.4
-40262.4
-40262.4
-40264.8
-40264.8
-40264.8
-40276.3
-40276.3
-40276.3
-40276.3
-40304.7
-40312
-40312
-40312
-40312
-40312
-40312
-40338.5
-40338.5
-40362.7
-40382.8
-40382.8
-40430.4
-40430.4
-40430.4
-40479.6
-40481.1
-40591.6
-40602.5
-40602.5
-40634.9
-40708.2
-40713.5
-40752.6
-40753.1
-40753.1
-40801
-40801
-40849.6
-40849.6
-40892.9
-40912.8
-40912.8
-40954.8
-40954.8
-40954.9
-40954.9
-40954.9
-40989.4
-40989.4
-41003.9
-41003.9
-41003.9
-41016.1
-41016.1
-41016.1
-41016.1
-41016.1
-41047.6
-41047.6
-41047.6
-41047.6
-41067
-41074.9
-41085.9
-41085.9
-41085.9
-41085.9
-41092.6
-41092.6
-41092.6
-41092.6
-41092.6
-41092.6
-41092.6
-41103.1
-41103.1
-41116.7
-41116.7
-41152
-41152
-41152
-41152
-41152
-41174.1
-41174.1
-41187.1
-41187.1
-41187.1
-41205.7
-41215
-41215
-41215
-41215
-41232
-41232
-41244.8
-41244.8
-41244.8
-41250.6
-41250.6
-41250.6
-41250.6
-41287.9
-41306.6
-41343.5
-41365
-41365
-41365
-41410.9
-41410.9
-41410.9
-41443.6
-41443.6
-41490.4
-41512.7
-41547.8
-41548.6
-41548.6
-41548.6
-41548.6
-41548.6
-41548.6
-41566.8
-41575.8
-41590.2
-41613.5
-41631.3
-41631.3
-41657.4
-41657.4
-41657.8
-41657.8
-41657.8
-41684.5
-41684.5
-41684.5
-41684.5
-41684.5
-41699.7
-41699.7
-41699.7
-41736.7
-41779
-41807.6
-41807.6
-41824.3
-41860.9
-41860.9
-41903.2
-41913.5
-41913.5
-41924.7
-41924.7
-41924.7
-41924.7
-41924.7
-41924.7
-41929.7
-42004.1
-42004.1
-42034.3
-42034.3
-42034.3
-42034.3
-42034.3
-42054.9
-42054.9
-42054.9
-42061.8
-42096.3
-42137.1
-42137.1
-42137.1
-42138.8
-42138.8
-42157.2
-42157.2
-42175.6
-42175.6
-42191.7
-42199.1
-42199.1
-42199.1
-42199.1
-42207.5
-42207.5
-42289.3
-42289.3
-42298.9
-42302.3
-42302.3
-42302.3
-42320.1
-42373.6
-42373.6
-42403
-42414.4
-42420.9
-42420.9
-42420.9
-42441.3
-42441.3
-42443.4
-42443.4
-42443.4
-42443.4
-42450
-42450
-42488.6
-42488.6
-42488.6
-42563.7
-42586.1
-42599.4
-42637.3
-42637.3
-42637.3
-42637.3
-42637.3
-42650.1
-42650.1
-42707.2
-42752.2
-42752.2
-42772.3
-42772.3
-42787.6
-42833.1
-42833.1
-42833.1
-42833.1
-42859.9
-42864.4
-42924.4
-42978.8
-42981.4
-42981.4
-42987.4
-42987.4
-42987.4
-42987.4
-42994
-42994
-42994
-42994
-42994
-42994
-42994
-42994
-42994.3
-43055.3
-43100.4
-43130.8
-43149.2
-43199.5
-43208.5
-43208.5
-43253
-43253
-43289.2
-43301.6
-43301.6
-43301.6
-43354.2
-43354.2
-43358.3
-43358.3
-43403.6
-43403.6
-43427.7
-43447.5
-43447.5
-43448.4
-43448.4
-43479.7
-43479.7
-43479.7
-43479.7
-43500.8
-43508.1
-43508.1
-43535.3
-43547.1
-43547.1
-43556.5
-43576.6
-43576.6
-43576.6
-43576.6
-43605.2
-43605.2
-43642.9
-43660.8
-43660.8
-43669.2
-43669.2
-43669.2
-43669.2
-43669.2
-43683.7
-43683.7
-43683.7
-43712.4
-43712.4
-43712.4
-43740.1
-43740.1
-43740.1
-43802.7
-43855
-43855
-43855
-43869
-43908.3
-44011.3
-44028.6
-44028.6
-44028.6
-44088.8
-44088.8
-44088.8
-44105.2
-44105.2
-44105.2
-44105.2
-44105.2
-44115.5
-44115.5
-44115.5
-44115.5
-44128
-44128
-44128
-44128
-44128
-44134.2
-44168.5
-44176.6
-44176.6
-44176.6
-44176.6
-44176.6
-44176.6
-44176.6
-44176.6
-44176.7
-44210.5
-44210.5
-44231.6
-44257.2
-44257.2
-44259.2
-44276.8
-44276.8
-44276.8
-44276.8
-44276.8
-44276.8
-44289.6
-44289.6
-44289.6
-44289.6
-44292.3
-44335.3
-44373.4
-44384.7
-44384.7
-44384.7
-44410.2
-44412.7
-44440.8
-44454.9
-44454.9
-44517.3
-44577.8
-44577.8
-44605.3
-44605.3
-44655.6
-44655.6
-44655.6
-44655.9
-44680.9
-44697
-44697
-44715.5
-44758.4
-44758.4
-44758.4
-44758.4
-44761.7
-44767.7
-44778.4
-44780.6
-44813.9
-44813.9
-44840.4
-44852.8
-44861.5
-44869.9
-44912.6
-44912.6
-44912.6
-44912.6
-44912.6
-44932.6
-44951.9
-44984.6
-45009.4
-45009.4
-45009.4
-45017.7
-45072.3
-45072.3
-45072.3
-45072.3
-45072.3
-45072.3
-45072.3
-45072.3
-45096.6
-45096.6
-45096.6
-45113.7
-45113.7
-45113.7
-45113.7
-45113.7
-45113.7
-45144.8
-45144.8
-45164.2
-45188.1
-45203
-45227.3
-45233.3
-45244.7
-45244.7
-45247.2
-45247.2
-45295.3
-45295.3
-45295.3
-45304.2
-45304.2
-45304.2
-45304.2
-45304.2
-45304.2
-45345.1
-45345.1
-45345.1
-45345.1
-45345.1
-45351.4
-45364.5
-45383.3
-45398.3
-45400.2
-45400.2
-45400.4
-45413.3
-45463.2
-45481.1
-45484.1
-45484.1
-45486.2
-45486.2
-45493.6
-45517.6
-45517.6
-45555.3
-45589.7
-45589.7
-45589.7
-45671.7
-45671.7
-45671.7
-45671.7
-45671.7
-45679.8
-45679.8
-45729.3
-45777.6
-45817.5
-45823
-45883.5
-45902.2
-45902.2
-45902.2
-45950
-45969.9
-45969.9
-46028.1
-46038.5
-46038.5
-46038.5
-46038.5
-46038.5
-46038.5
-46038.5
-46038.5
-46042
-46042
-46048
-46082
-46082
-46082
-46118.5
-46118.5
-46118.5
-46118.5
-46136.6
-46136.6
-46171.7
-46171.7
-46182.6
-46197.2
-46197.2
-46197.2
-46213.5
-46213.5
-46213.5
-46213.5
-46228.9
-46228.9
-46260.9
-46303.7
-46315.5
-46337.9
-46337.9
-46337.9
-46348
-46348
-46393.4
-46429.5
-46429.5
-46429.5
-46433.1
-46443
-46443
-46443
-46443
-46481
-46520
-46520
-46542.9
-46560.3
-46560.3
-46560.3
-46560.3
-46560.3
-46560.3
-46560.3
-46560.3
-46583.1
-46583.1
-46583.1
-46657.7
-46657.7
-46657.7
-46667.9
-46667.9
-46683.9
-46693.4
-46707.3
-46707.3
-46707.3
-46708.2
-46708.2
-46708.2
-46708.2
-46731.7
-46731.7
-46731.7
-46731.7
-46731.7
-46733.6
-46754.5
-46754.5
-46793.7
-46793.7
-46794.8
-46794.8
-46801
-46801
-46801
-46801
-46801
-46832.5
-46832.5
-46832.5
-46832.5
-46871
-46871
-46871.3
-46871.3
-46871.3
-46871.3
-46896
-46896
-46896
-46921.3
-46921.3
-46921.3
-46921.3
-46921.3
-46924.9
-46924.9
-46924.9
-46930.5
-46931.7
-46931.7
-46951.9
-46971.5
-46991
-46991
-47004.7
-47004.7
-47011.4
-47011.4
-47011.4
-47011.4
-47011.4
-47036
-47045.3
-47045.3
-47045.3
-47111
-47115.4
-47115.4
-47116.1
-47116.1
-47116.1
-47116.1
-47129.3
-47143.7
-47176.3
-47176.3
-47176.3
-47176.3
-47176.3
-47176.3
-47192.7
-47194.5
-47194.5
-47207.8
-47213.3
-47213.3
-47213.3
-47243.9
-47249.4
-47249.4
-47276.8
-47276.8
-47322.4
-47322.4
-47322.4
-47330.4
-47348.9
-47348.9
-47352.2
-47352.2
-47386.6
-47386.6
-47426
-47426
-47426
-47426
-47428.2
-47428.2
-47476.6
-47484
-47519.9
-47551.1
-47551.1
-47555.1
-47555.1
-47555.1
-47579.5
-47620.5
-47623.2
-47623.2
-47623.2
-47623.2
-47623.2
-47656.5
-47657.8
-47682.6
-47682.6
-47721.8
-47721.8
-47721.8
-47721.8
-47726.7
-47747.3
-47747.3
-47760.4
-47760.4
-47760.4
-47760.4
-47771.8
-47819.4
-47819.4
-47843.5
-47843.5
-47869.3
-47880.5
-47920.3
-47920.3
-47920.3
-47920.3
-47920.3
-47920.3
-47920.3
-47941.9
-47956.9
-47956.9
-47977.5
-47977.5
-47977.5
-47977.5
-47977.5
-47977.5
-47984.4
-47984.4
-47989.5
-48007.9
-48007.9
-48007.9
-48007.9
-48026.8
-48031
-48083.4
-48088.1
-48104.2
-48104.2
-48104.2
-48121.5
-48121.5
-48121.5
-48121.5
-48159.2
-48161.2
-48161.2
-48165.4
-48165.4
-48165.4
-48187.9
-48200.7
-48200.7
-48225
-48225
-48227.3
-48227.3
-48253.7
-48253.7
-48253.7
-48269
-48281.5
-48286.5
-48286.5
-48286.5
-48290.4
-48312.1
-48312.1
-48312.1
-48372
-48372
-48372
-48372
-48372
-48372
-48372
-48407.3
-48444.5
-48444.5
-48444.5
-48444.5
-48444.5
-48457.2
-48457.2
-48457.2
-48457.2
-48457.2
-48457.2
-48457.2
-48457.2
-48457.2
-48457.2
-48504.6
-48504.6
-48504.6
-48504.6
-48543.6
-48543.6
-48543.6
-48543.6
-48613
-48613.4
-48624.3
-48624.3
-48662.8
-48662.8
-48684.1
-48684.1
-48684.1
-48692.9
-48692.9
-48692.9
-48692.9
-48692.9
-48714
-48722.7
-48724.7
-48780.2
-48836.2
-48896.9
-48906.8
-48927.9
-48989.6
-49018.2
-49018.2
-49018.2
-49020.3
-49020.3
-49020.3
-49043
-49049.3
-49049.3
-49049.3
-49049.3
-49091.3
-49091.3
-49108.1
-49116.5
-49116.5
-49116.4
-49116.4
-49116.4
-49151
-49159.5
-49159.5
-49185.4
-49193.4
-49193.4
-49205
-49205
-49205
-49272.3
-49272.3
-49313
-49359
-49363.8
-49418.5
-49433.3
-49453.2
-49512.9
-49515.1
-49515.1
-49548.4
-49548.4
-49590.4
-49639.9
-49666.1
-49666.1
-49666.1
-49702.3
-49734
-49803.3
-49803.3
-49803.3
-49816.7
-49837
-49883.2
-49883.2
-49896.8
-49938.8
-49938.8
-49938.8
-49938.8
-49965.2
-50043.6
-50043.6
-50043.6
-50043.6
-50068.2
-50083.2
-50083.2
-50097.2
-50097.2
-50097.2
-50104.5
-50112.3
-50121.9
-50121.9
-50121.9
-50121.9
-50121.9
-50121.9
-50158.7
-50172.9
-50183.3
-50228.1
-50238.7
-50238.7
-50238.7
-50239.6
-50239.6
-50255.7
-50255.7
-50284
-50284
-50294.7
-50295.3
-50314.6
-50321.4
-50321.4
-50335.7
-50350.3
-50350.3
-50363.4
-50363.4
-50363.4
-50363.4
-50371.8
-50371.8
-50392
-50431
-50441.5
-50510.7
-50528.1
-50528.1
-50528.1
-50533.7
-50533.7
-50544.7
-50544.7
-50544.7
-50589.5
-50589.5
-50601.1
-50648.1
-50648.1
-50648.1
-50653.9
-50664.9
-50664.9
-50664.9
-50753.2
-50753.2
-50783.3
-50783.3
-50783.3
-50783.3
-50827.2
-50832.3
-50832.3
-50844.9
-50844.9
-50844.9
-50868.4
-50868.4
-50868.4
-50868.4
-50886.2
-50907.4
-50907.4
-50931.6
-50931.6
-50931.6
-50938.2
-50938.2
-50938.2
-50938.2
-50940.9
-50940.9
-50950.1
-50950.1
-50950.1
-50995.7
-50995.7
-50996.8
-50996.8
-51001.3
-51001.3
-51001.3
-51032.1
-51032.1
-51066.7
-51089.6
-51089.6
-51089.6
-51092.2
-51092.2
-51092.2
-51092.2
-51092.2
-51092.2
-51092.2
-51092.2
-51092.2
-51093.4
-51095.3
-51116.8
-51133.2
-51133.2
-51142.4
-51163.6
-51188.7
-51188.7
-51188.7
-51206.4
-51206.4
-51223.1
-51223.1
-51223.1
-51223.1
-51247.6
-51249.7
-51315.5
-51317.3
-51317.3
-51350.5
-51365.6
-51379.4
-51413
-51423
-51423
-51439.6
-51439.6
-51439.6
-51444.6
-51444.6
-51469.3
-51475
-51498.8
-51537.7
-51542.2
-51542.2
-51558.6
-51558.6
-51571.2
-51586.7
-51586.7
-51598.9
-51598.9
-51631.7
-51631.7
-51631.7
-51636.4
-51647.4
-51647.4
-51647.4
-51677.3
-51726.3
-51726.3
-51726.3
-51726.3
-51726.3
-51726.3
-51734.5
-51751.4
-51751.4
-51752.6
-51752.6
-51752.6
-51762.4
-51762.4
-51762.4
-51799.2
-51799.2
-51814.9
-51828.4
-51828.4
-51891.3
-51891.3
-51891.3
-51915.2
-51915.2
-51955.5
-51955.5
-51968.6
-51968.6
-51968.6
-51982.9
-51982.9
-51982.9
-51982.9
-51982.9
-51982.9
-51982.9
-51995.6
-52026.8
-52027.1
-52027.1
-52027.1
-52043
-52059.8
-52087.7
-52087.7
-52109.9
-52109.9
-52123.8
-52123.8
-52123.8
-52131.6
-52144.1
-52144.1
-52144.1
-52180.5
-52180.5
-52180.5
-52201.7
-52201.7
-52241.2
-52282.4
-52282.4
-52300.8
-52311.1
-52311.1
-52311.1
-52335.5
-52335.5
-52335.5
-52343.2
-52343.7
-52343.7
-52343.7
-52346
-52402.6
-52402.6
-52402.6
-52402.6
-52402.6
-52452.7
-52458.9
-52458.9
-52458.9
-52490.2
-52502.4
-52525
-52544.3
-52544.3
-52547.1
-52567.7
-52587.8
-52587.8
-52601.9
-52601.9
-52621.7
-52671.8
-52671.8
-52692.3
-52692.3
-52695.2
-52695.5
-52695.5
-52695.5
-52695.5
-52714.9
-52714.9
-52714.9
-52743.4
-52743.4
-52743.4
-52743.4
-52779.4
-52779.4
-52779.4
-52787.5
-52787.5
-52787.5
-52810.6
-52824.3
-52830.8
-52830.8
-52830.8
-52830.8
-52830.8
-52844.2
-52844.2
-52844.2
-52844.2
-52844.2
-52879.2
-52879.2
-52890.3
-52890.3
-52947.6
-52947.6
-52961.1
-52982.1
-53016.6
-53016.6
-53039.8
-53053.6
-53053.6
-53081.6
-53087.3
-53087.3
-53087.3
-53096.8
-53096.8
-53096.8
-53121.9
-53126.6
-53126.6
-53132
-53135.3
-53144.4
-53144.4
-53185.6
-53209.3
-53209.3
-53209.3
-53229.8
-53229.8
-53256.8
-53256.8
-53256.8
-53329.6
-53351.3
-53351.3
-53351.3
-53351.3
-53369.7
-53383
-53392.3
-53415.4
-53425.8
-53426
-53426
-53426
-53426
-53426
-53433.1
-53455.7
-53455.7
-53474.8
-53474.8
-53474.8
-53530.5
-53530.5
-53563.6
-53606.9
-53607.4
-53607.4
-53630.6
-53630.6
-53678.8
-53678.8
-53694.2
-53694.6
-53694.6
-53723.6
-53723.6
-53723.6
-53723.6
-53723.6
-53747.9
-53756.9
-53799.3
-53801.3
-53818.2
-53829.8
-53829.8
-53859.4
-53859.4
-53859.4
-53866.3
-53890.2
-53890.2
-53890.2
-53898.3
-53898.3
-53898.3
-53898.3
-53898.3
-53931.3
-53931.3
-53931.3
-53931.3
-53931.3
-53931.3
-53931.3
-53931.3
-53965.6
-53965.6
-53965.6
-53965.6
-53985.2
-54000.8
-54000.8
-54008.4
-54008.4
-54010.7
-54010.7
-54010.7
-54010.7
-54012.6
-54012.6
-54012.6
-54012.6
-54012.6
-54012.6
-54029.4
-54047.3
-54049.3
-54057.1
-54057.1
-54057.1
-54057.1
-54057.1
-54095.1
-54133.9
-54133.9
-54133.9
-54133.9
-54140.6
-54140.6
-54171.3
-54171.3
-54172.7
-54172.7
-54172.7
-54197.7
-54218.8
-54218.8
-54218.8
-54222.3
-54222.3
-54222.3
-54222.3
-54222.3
-54222.3
-54222.3
-54234
-54234
-54247.9
-54247.9
-54247.9
-54247.9
-54247.9
-54252.1
-54252.1
-54252.1
-54254.6
-54309.3
-54309.3
-54329.7
-54329.7
-54329.7
-54329.7
-54329.7
-54341.3
-54341.3
-54407.3
-54438.5
-54438.5
-54438.5
-54438.5
-54462.9
-54462.9
-54462.9
-54465
-54470.9
-54478.9
-54478.9
-54493
-54493
-54493
-54493
-54493
-54493
-54493
-54493
-54536.2
-54541
-54570.3
-54570.3
-54623.5
-54638
-54638
-54638
-54638
-54675.7
-54675.7
-54675.7
-54680.6
-54680.6
-54680.6
-54680.6
-54706.5
-54706.5
-54706.5
-54729.2
-54729.2
-54729.2
-54729.2
-54729.2
-54735.2
-54742.3
-54767.4
-54767.4
-54780.2
-54781.2
-54781.2
-54781.2
-54781.2
-54784.3
-54814.7
-54814.7
-54851.9
-54884.6
-54935.1
-54944.8
-54973.2
-54973.2
-54980.7
-55011
-55011
-55018.2
-55018.2
-55018.2
-55045.4
-55045.4
-55045.4
-55058.6
-55114.3
-55123.7
-55169.7
-55173
-55184.2
-55248.8
-55248.8
-55248.8
-55248.8
-55278.3
-55278.3
-55287.8
-55292.9
-55292.9
-55292.9
-55311
-55344.9
-55344.9
-55344.9
-55344.9
-55353.3
-55370.2
-55370.2
-55370.2
-55370.2
-55370.2
-55370.2
-55424.8
-55424.8
-55436.3
-55436.3
-55436.3
-55436.3
-55436.3
-55444.7
-55444.7
-55468.4
-55484.8
-55484.8
-55484.8
-55484.8
-55484.8
-55507.8
-55507.8
-55507.8
-55507.8
-55520.7
-55536.5
-55554.7
-55590.2
-55590.2
-55590.2
-55590.2
-55590.2
-55590.2
-55590.2
-55590.2
-55590.2
-55590.2
-55628.8
-55677.9
-55722.6
-55722.6
-55722.6
-55722.6
-55735.5
-55735.5
-55768.1
-55768.1
-55768.1
-55768.1
-55797.9
-55797.9
-55797.9
-55797.9
-55797.9
-55797.9
-55800.8
-55800.8
-55800.8
-55800.8
-55800.8
-55800.8
-55800.8
-55890.3
-55898.5
-55902.1
-55927.1
-55927.1
-55927.1
-55927.1
-55927.1
-55927.1
-55927.1
-55931.2
-55931.2
-55964.1
-55987.8
-55990.8
-56005.4
-56005.4
-56010.7
-56010.7
-56010.7
-56035.8
-56035.8
-56086.5
-56094
-56111.1
-56111.1
-56111.1
-56111.1
-56111.1
-56128.4
-56128.4
-56128.4
-56152.1
-56152.1
-56152.1
-56169.1
-56206.8
-56206.8
-56206.8
-56242.8
-56258.4
-56258.4
-56258.4
-56294
-56311.2
-56311.2
-56313.1
-56313.1
-56313.1
-56313.1
-56327.2
-56329.9
-56329.9
-56329.9
-56329.9
-56329.9
-56329.9
-56337.3
-56337.3
-56337.3
-56350.3
-56355.3
-56355.3
-56355.3
-56355.3
-56355.3
-56428.2
-56452.5
-56491.3
-56491.3
-56491.3
-56505.2
-56505.2
-56505.2
-56505.2
-56517.2
-56517.2
-56517.2
-56531.5
-56531.5
-56531.5
-56531.5
-56553.2
-56553.2
-56582.8
-56582.8
-56582.8
-56607.7
-56646.4
-56665.4
-56665.4
-56665.4
-56665.4
-56665.4
-56665.4
-56685.9
-56687.4
-56687.4
-56687.4
-56687.4
-56687.4
-56694.8
-56694.8
-56731.3
-56731.3
-56744.9
-56744.9
-56767.9
-56767.9
-56770.2
-56770.2
-56772.2
-56810
-56810
-56810
-56810
-56810
-56834.2
-56841.8
-56841.8
-56841.8
-56841.8
-56841.8
-56841.8
-56841.8
-56841.8
-56841.8
-56841.8
-56841.8
-56847.7
-56847.7
-56847.7
-56854.7
-56854.7
-56874
-56874
-56878.8
-56891
-56905.5
-56918.3
-56918.3
-56918.3
-56918.3
-56935.7
-56946
-56974.4
-56974.4
-57012.5
-57028.2
-57028.2
-57032.9
-57032.9
-57075
-57075
-57075
-57075
-57075
-57098.7
-57132.7
-57132.7
-57132.7
-57196.8
-57196.8
-57231.6
-57231.6
-57252.9
-57252.9
-57280.9
-57280.9
-57280.9
-57283.4
-57283.4
-57283.4
-57331.8
-57331.8
-57342.6
-57342.6
-57342.6
-57342.6
-57342.6
-57342.6
-57371.4
-57371.4
-57371.4
-57422.9
-57422.9
-57438.6
-57444
-57444
-57455.4
-57455.4
-57455.4
-57459
-57459
-57459
-57459
-57460.7
-57460.7
-57462.7
-57462.7
-57498
-57498
-57498.5
-57498.5
-57498.5
-57500.2
-57500.2
-57500.2
-57500.2
-57500.2
-57500.2
-57500.2
-57504.7
-57504.7
-57507.2
-57507.2
-57507.3
-57507.3
-57507.3
-57514.3
-57520.5
-57520.5
-57520.5
-57539
-57539
-57539
-57539
-57546.1
-57546.1
-57546.1
-57546.1
-57546.1
-57556.5
-57556.5
-57556.5
-57571.6
-57571.6
-57598.9
-57598.9
-57617
-57634.1
-57662.2
-57662.2
-57662.2
-57662.2
-57662.2
-57662.2
-57675.7
-57675.7
-57734.4
-57749.6
-57749.6
-57749.6
-57749.6
-57751.1
-57773.3
-57798.2
-57798.2
-57819.4
-57819.4
-57837.7
-57837.7
-57872.1
-57916.1
-57916.1
-57916.1
-57916.1
-57916.1
-57916.1
-57916.1
-57932.6
-57970.6
-57970.6
-57970.6
-57970.6
-57970.6
-57970.6
-57990.9
-57990.9
-57990.9
-58018.4
-58020.4
-58054.3
-58054.3
-58093.8
-58093.8
-58093.8
-58093.8
-58093.8
-58124.1
-58124.1
-58124.1
-58124.1
-58124.1
-58124.1
-58170.4
-58170.4
-58170.4
-58189.9
-58207.9
-58207.9
-58207.9
-58224.2
-58252.3
-58259.8
-58259.8
-58259.8
-58259.8
-58259.8
-58271.2
-58271.2
-58271.2
-58295.8
-58295.8
-58295.9
-58295.9
-58295.9
-58331.4
-58359.3
-58382.7
-58393.1
-58393.1
-58393.1
-58400.2
-58400.2
-58400.2
-58400.2
-58400.2
-58400.2
-58400.2
-58400.2
-58400.2
-58430.8
-58430.8
-58492.2
-58492.2
-58492.2
-58492.2
-58495
-58496.8
-58496.8
-58509.1
-58558.4
-58558.4
-58569
-58569
-58569
-58569
-58569
-58569
-58569
-58586.8
-58586.8
-58630.6
-58675.2
-58675.2
-58735.6
-58735.6
-58735.6
-58778.5
-58790.4
-58811.9
-58811.9
-58811.9
-58811.9
-58811.9
-58811.9
-58811.9
-58811.9
-58811.9
-58811.9
-58811.9
-58811.9
-58811.9
-58811.9
-58845.2
-58845.2
-58845.2
-58845.2
-58845.2
-58870.6
-58889.2
-58897
-58897
-58918.6
-58931.1
-58931.1
-58931.1
-58960.3
-58984
-58984
-58984
-59021.5
-59024
-59024
-59026.2
-59026.2
-59026.2
-59031.7
-59031.7
-59031.7
-59031.7
-59031.7
-59038.5
-59038.5
-59038.5
-59038.5
-59061.6
-59061.6
-59061.6
-59061.6
-59095.9
-59126.4
-59126.4
-59126.4
-59126.4
-59126.4
-59152.7
-59152.7
-59182.8
-59230.8
-59230.8
-59266.6
-59266.6
-59266.6
-59303
-59329.6
-59334
-59334
-59334
-59347.1
-59347.1
-59401
-59437.7
-59437.7
-59446.4
-59446.4
-59446.4
-59476
-59476
-59476
-59476
-59512.2
-59545.1
-59545.1
-59566.8
-59573.6
-59573.6
-59573.6
-59598.9
-59651.1
-59651.1
-59674.7
-59685
-59688.9
-59721.6
-59721.6
-59724.6
-59724.6
-59739.2
-59739.2
-59739.2
-59739.2
-59739.2
-59772.2
-59772.2
-59772.2
-59772.2
-59788.3
-59820.6
-59834.4
-59834.4
-59884.6
-59884.6
-59911.6
-59925.2
-59925.7
-59925.7
-59949.9
-59949.9
-59949.9
-59984.2
-59984.2
-59984.2
-59984.2
-59984.2
-59984.2
-59995.7
-59995.7
-59995.7
-59995.7
-60028.5
-60042.3
-60073.3
-60094.5
-60094.5
-60094.5
-60111.1
-60144.1
-60144.1
-60144.1
-60153.9
-60153.9
-60153.9
-60162.6
-60162.6
-60162.6
-60170.1
-60170.1
-60170.1
-60170.1
-60170.1
-60170.1
-60254.2
-60276.5
-60276.5
-60276.5
-60292.4
-60293.9
-60293.9
-60343.3
-60343.3
-60343.3
-60343.3
-60360.2
-60377.9
-60377.9
-60437.7
-60442.6
-60449.2
-60449.2
-60449.2
-60449.2
-60494.1
-60494.1
-60494.1
-60494.1
-60494.1
-60494.1
-60494.1
-60494.1
-60494.1
-60494.1
-60514.1
-60543
-60543
-60543
-60543.8
-60550.6
-60555.2
-60555.2
-60555.2
-60555.2
-60572
-60610.7
-60623.4
-60645.7
-60673.7
-60673.7
-60698.8
-60698.8
-60703
-60703
-60712
-60712
-60712
-60712
-60712
-60712
-60724.2
-60743.3
-60743.3
-60770.4
-60784.9
-60784.9
-60793.5
-60793.5
-60793.5
-60798.3
-60798.3
-60808.9
-60819.4
-60824.6
-60824.6
-60824.6
-60831.7
-60831.7
-60831.7
-60831.7
-60865.1
-60865.1
-60865.1
-60865.1
-60865.1
-60865.1
-60865.1
-60865.1
-60913
-60913.7
-60963.5
-60971.3
-60971.3
-61005.9
-61005.9
-61005.9
-61005.9
-61005.9
-61005.9
-61005.9
-61005.9
-61005.9
-61005.9
-61005.9
-61056.4
-61069.7
-61069.7
-61101.6
-61101.6
-61101.6
-61101.6
-61101.6
-61127.2
-61171.8
-61187.8
-61214.2
-61214.2
-61268.9
-61308.8
-61308.8
-61373.9
-61373.9
-61373.9
-61422.4
-61422.4
-61446.7
-61446.7
-61446.7
-61522.8
-61551.2
-61554.1
-61554.1
-61571.2
-61571.2
-61571.2
-61571.2
-61571.2
-61571.2
-61580.6
-61590.4
-61590.4
-61633.2
-61633.2
-61633.2
-61633.2
-61642.9
-61642.9
-61646.5
-61648.5
-61648.5
-61694.7
-61755
-61755
-61799.6
-61802.2
-61802.2
-61844.7
-61844.7
-61844.7
-61844.7
-61853.2
-61862.7
-61874.7
-61896.4
-61896.4
-61900.7
-61941.3
-61941.3
-61941.3
-61962
-61977.9
-61977.9
-61977.9
-61977.9
-61982.8
-61982.8
-61982.8
-61996.1
-61996.1
-62022
-62022.8
-62022.8
-62022.8
-62046.1
-62046.1
-62046.1
-62080.7
-62080.7
-62080.7
-62080.7
-62088.7
-62088.7
-62097.5
-62097.5
-62107.2
-62107.2
-62107.2
-62112.8
-62112.8
-62113.7
-62134.1
-62134.1
-62134.1
-62161.5
-62165.1
-62165.1
-62180
-62229
-62229
-62234.2
-62234.2
-62239.3
-62239.3
-62267.3
-62268.2
-62268.2
-62268.2
-62270.8
-62270.8
-62285.1
-62285.1
-62285.1
-62285.1
-62318.3
-62318.3
-62344
-62344
-62344
-62344.4
-62344.4
-62344.4
-62344.4
-62344.4
-62344.4
-62344.4
-62369.6
-62369.6
-62369.6
-62369.6
-62382.1
-62382.1
-62382.1
-62382.1
-62416.9
-62490.2
-62490.2
-62496.3
-62539.6
-62552.7
-62552.7
-62552.7
-62552.7
-62552.7
-62592
-62592
-62623.3
-62623.3
-62623.3
-62623.3
-62623.3
-62623.3
-62655.9
-62673.4
-62694.2
-62694.2
-62704
-62704
-62726.9
-62749.3
-62749.3
-62749.3
-62781.8
-62781.8
-62781.8
-62818.3
-62882.3
-62898.3
-62945.9
-62959.8
-62959.8
-62959.8
-62959.8
-62959.8
-62966
-62966
-62982.6
-62982.6
-62982.6
-62982.6
-62982.6
-62982.6
-62982.6
-62984.3
-63044.9
-63044.9
-63044.9
-63044.9
-63050.7
-63050.7
-63080.1
-63080.1
-63085.3
-63095.3
-63095.3
-63095.3
-63095.3
-63095.3
-63095.3
-63095.3
-63098.6
-63098.6
-63111.2
-63111.2
-63111.2
-63111.2
-63111.2
-63135.4
-63160.4
-63160.4
-63200.7
-63200.7
-63200.7
-63221.7
-63221.7
-63221.7
-63221.7
-63221.7
-63221.7
-63230.6
-63230.6
-63255.9
-63255.9
-63255.9
-63255.9
-63260.8
-63353.7
-63353.7
-63353.7
-63353.7
-63353.7
-63353.7
-63364.5
-63371.6
-63371.6
-63383.7
-63383.7
-63383.7
-63383.7
-63383.7
-63396
-63396
-63396
-63396
-63432.4
-63443.6
-63449
-63449
-63486.5
-63486.5
-63486.5
-63486.5
-63486.5
-63486.5
-63486.5
-63486.5
-63525.6
-63531.6
-63545.1
-63564
-63564
-63580.1
-63580.1
-63603.2
-63603.2
-63603.2
-63603.2
-63615.6
-63615.6
-63615.6
-63646.9
-63646.9
-63646.9
-63646.9
-63646.9
-63649.2
-63649.2
-63649.2
-63679.6
-63679.6
-63725.1
-63725.1
-63725.1
-63725.1
-63725.1
-63725.1
-63728.6
-63752.2
-63752.2
-63774
-63774
-63774
-63774
-63774
-63774
-63790.8
-63792.9
-63792.9
-63792.9
-63792.9
-63792.9
-63792.9
-63792.9
-63804.2
-63804.2
-63804.2
-63812.5
-63812.5
-63812.5
-63812.5
-63820.8
-63820.8
-63855.4
-63858
-63858
-63858
-63860.7
-63860.7
-63893.9
-63893.9
-63938.1
-63955.5
-63955.5
-63955.5
-63964
-63964
-63964
-63989.2
-63989.2
-64032.7
-64032.7
-64055.4
-64055.4
-64063
-64063
-64067.5
-64070.8
-64070.8
-64070.8
-64070.8
-64070.8
-64081.9
-64082.9
-64112.6
-64133.2
-64133.2
-64154.9
-64166.4
-64195.1
-64224.2
-64232.3
-64232.3
-64234.6
-64234.6
-64255.9
-64262.9
-64262.9
-64276.3
-64332
-64332
-64332
-64347
-64352
-64352
-64352
-64352
-64352
-64386.3
-64386.6
-64386.6
-64386.6
-64404.6
-64427.2
-64427.2
-64427.2
-64427.2
-64427.2
-64427.2
-64428
-64449.4
-64449.4
-64455.9
-64464.7
-64464.7
-64464.7
-64464.7
-64472.3
-64472.3
-64472.3
-64472.3
-64483.5
-64517.9
-64517.9
-64559.3
-64559.3
-64559.3
-64559.3
-64598.7
-64598.7
-64660.8
-64660.8
-64660.8
-64660.8
-64660.8
-64660.8
-64660.8
-64670.4
-64671.4
-64671.4
-64671.4
-64695
-64695
-64696
-64696
-64696
-64717.2
-64717.2
-64717.2
-64725
-64725
-64725
-64727.8
-64751.5
-64751.5
-64751.5
-64751.5
-64751.5
-64751.5
-64751.5
-64775
-64795
-64795
-64795
-64802.9
-64802.9
-64802.9
-64802.9
-64821.3
-64897.5
-64930.2
-64930.2
-64930.2
-64930.2
-64930.2
-64930.2
-64930.2
-64936.5
-65001.5
-65016.1
-65016.1
-65016.1
-65016.1
-65016.1
-65016.1
-65016.1
-65018.4
-65018.4
-65018.4
-65018.4
-65018.4
-65051.2
-65090.8
-65090.8
-65118.5
-65118.5
-65118.5
-65118.5
-65118.5
-65118.5
-65118.5
-65118.5
-65135.1
-65153.4
-65153.4
-65153.4
-65153.4
-65153.4
-65153.4
-65153.4
-65179.9
-65201.7
-65201.7
-65212
-65281.5
-65281.5
-65281.5
-65291.8
-65296.7
-65296.7
-65326.9
-65336.2
-65336.2
-65343.2
-65378.4
-65378.4
-65401.5
-65468.1
-65468.1
-65468.1
-65469.3
-65469.3
-65469.3
-65469.3
-65469.3
-65469.3
-65469.3
-65469.3
-65469.3
-65489.8
-65489.8
-65495.7
-65495.7
-65503.1
-65542.4
-65542.4
-65542.4
-65580
-65580
-65583
-65602.6
-65602.6
-65602.6
-65602.6
-65602.6
-65641
-65641
-65641
-65641
-65641
-65641
-65641
-65641
-65641
-65641
-65674.4
-65675
-65675
-65686
-65747.9
-65778.5
-65778.5
-65799.9
-65815.5
-65815.5
-65838.2
-65850.1
-65850.1
-65850.1
-65856.9
-65856.9
-65868.2
-65891.7
-65891.7
-65891.7
-65906.1
-65906.1
-65915.8
-65915.8
-65915.8
-65915.8
-65915.8
-65915.8
-65915.8
-65915.8
-65944.1
-65944.1
-65955.1
-65969.6
-65980.8
-65993.6
-65993.6
-66042.6
-66042.6
-66042.6
-66054.9
-66054.9
-66054.9
-66054.9
-66071
-66098.2
-66098.2
-66098.2
-66098.2
-66098.2
-66098.2
-66106.6
-66106.6
-66106.6
-66106.6
-66106.6
-66106.6
-66110.7
-66119.5
-66149.5
-66192.3
-66192.3
-66192.3
-66192.3
-66192.3
-66231.3
-66242.9
-66242.9
-66255.8
-66255.8
-66255.8
-66255.8
-66255.8
-66277.1
-66277.1
-66301.1
-66325.1
-66355.5
-66379.4
-66379.4
-66379.4
-66379.4
-66379.4
-66383
-66383
-66387.4
-66423.8
-66423.8
-66448.2
-66481
-66481
-66481
-66495.8
-66531.6
-66531.6
-66568.5
-66568.5
-66568.5
-66568.5
-66624.5
-66624.5
-66653
-66669
-66692
-66692
-66692
-66692
-66692
-66703.4
-66703.4
-66725.3
-66725.3
-66731.6
-66739
-66739
-66747.5
-66798
-66798
-66809.5
-66821.1
-66821.1
-66821.1
-66840.3
-66898.8
-66898.8
-66925.2
-66925.2
-66944
-66948.9
-66948.9
-66948.9
-66948.9
-66948.9
-66948.9
-66948.9
-66948.9
-66951.6
-66982.8
-66989.5
-66989.5
-67011.4
-67016.7
-67016.7
-67016.7
-67016.7
-67016.7
-67016.7
-67058.3
-67065.4
-67065.4
-67065.4
-67065.4
-67065.4
-67065.4
-67078
-67078
-67100.8
-67121.5
-67126
-67132.4
-67132.4
-67141.7
-67141.7
-67153.2
-67153.2
-67180.1
-67191.5
-67215.8
-67228.5
-67228.5
-67228.5
-67228.5
-67283.9
-67295.7
-67295.7
-67295.7
-67295.7
-67295.7
-67326.2
-67326.2
-67331.7
-67331.7
-67331.7
-67331.7
-67355.6
-67368.8
-67368.8
-67412.6
-67412.6
-67412.6
-67433.4
-67433.4
-67473.1
-67518.8
-67518.8
-67527.5
-67538.5
-67538.5
-67599.4
-67599.4
-67599.4
-67619
-67625.2
-67667.9
-67667.9
-67667.9
-67667.9
-67684.9
-67688.7
-67712.4
-67716.4
-67716.4
-67723.9
-67723.9
-67723.9
-67723.9
-67802.4
-67814.1
-67814.1
-67830.5
-67830.5
-67830.5
-67830.5
-67862.1
-67862.1
-67881
-67881
-67886.2
-67896.7
-67896.7
-67896.7
-67896.7
-67896.7
-67896.7
-67896.7
-67901.7
-67901.7
-67939.7
-67991.4
-67991.4
-67991.4
-68041.6
-68041.6
-68041.6
-68041.6
-68041.6
-68055.5
-68055.5
-68055.5
-68055.5
-68055.5
-68087.1
-68087.1
-68087.1
-68087.1
-68087.1
-68094.1
-68094.1
-68094.1
-68124.4
-68152.2
-68152.2
-68152.2
-68152.2
-68161.5
-68161.5
-68161.5
-68161.5
-68172.7
-68172.7
-68172.7
-68233.5
-68233.5
-68233.5
-68233.5
-68312
-68312
-68347.8
-68371.2
-68384.8
-68384.8
-68384.8
-68404.7
-68404.7
-68404.7
-68421.3
-68421.5
-68421.5
-68421.5
-68444.2
-68444.2
-68444.2
-68444.2
-68446.5
-68447
-68529.4
-68594
-68594
-68594
-68594
-68624
-68624
-68624
-68624
-68647.3
-68647.3
-68647.3
-68647.3
-68647.3
-68647.3
-68647.3
-68647.3
-68647.3
-68647.3
-68658.7
-68658.7
-68697
-68707.9
-68788.9
-68798.8
-68798.8
-68841
-68841
-68894
-68894
-68894
-68894
-68894
-68894
-68894
-68919.8
-68919.8
-68919.8
-68919.8
-68919.8
-68920
-68926.9
-68926.9
-68950.1
-68950.1
-68950.1
-68950.1
-68950.1
-68951.3
-68951.3
-68984.9
-68984.9
-69021.2
-69042.5
-69063.4
-69063.4
-69063.4
-69063.4
-69063.4
-69080
-69080
-69089
-69089
-69089
-69089
-69125
-69130.9
-69130.9
-69130.9
-69130.9
-69130.9
-69130.9
-69135.8
-69153.5
-69153.5
-69201.4
-69204.6
-69204.6
-69204.6
-69220.4
-69227.4
-69227.4
-69227.4
-69231
-69263.1
-69264.3
-69320.2
-69320.2
-69320.2
-69320.2
-69324
-69330.2
-69330.2
-69330.2
-69330.2
-69330.2
-69362.4
-69362.4
-69366.3
-69366.3
-69376
-69404.6
-69404.6
-69404.6
-69404.6
-69404.6
-69419.6
-69433.6
-69433.6
-69433.6
-69465.3
-69465.3
-69477.7
-69477.7
-69490.8
-69511.9
-69531.5
-69531.5
-69564.8
-69564.8
-69575
-69597.3
-69597.3
-69637.7
-69637.7
-69637.7
-69637.7
-69637.7
-69659.7
-69698.5
-69746.6
-69753.6
-69772.4
-69780.7
-69780.7
-69780.7
-69797.5
-69797.5
-69816.6
-69816.6
-69816.6
-69816.6
-69816.6
-69845.2
-69845.2
-69845.2
-69845.2
-69845.2
-69845.2
-69845.2
-69879.2
-69879.2
-69913
-69913.1
-69913.1
-69923.8
-69923.8
-69923.8
-69923.8
-69950.4
-69985.2
-69985.2
-69997.4
-70028.8
-70038.7
-70045.9
-70045.9
-70045.9
-70045.9
-70052
-70089
-70102.9
-70102.9
-70102.9
-70166.1
-70183.2
-70183.2
-70195.7
-70233.4
-70248
-70248
-70248
-70248
-70253.4
-70261
-70261
-70261
-70261
-70261
-70261
-70268.9
-70268.9
-70272.9
-70272.9
-70272.9
-70286.1
-70290.4
-70290.4
-70298.8
-70298.8
-70298.8
-70324.8
-70324.8
-70331.8
-70331.8
-70353
-70420.7
-70420.7
-70420.7
-70451.5
-70451.5
-70451.5
-70451.5
-70451.5
-70451.5
-70464
-70464
-70502
-70502
-70502
-70512.1
-70512.1
-70512.1
-70512.1
-70530.1
-70530.1
-70530.1
-70530.1
-70556.5
-70556.5
-70594.1
-70594.1
-70594.2
-70594.2
-70603.8
-70610.7
-70610.7
-70610.7
-70612.5
-70612.5
-70651.5
-70651.5
-70651.5
-70651.5
-70651.5
-70651.5
-70665.8
-70676
-70676
-70678.3
-70678.3
-70678.3
-70678.3
-70710.4
-70790.3
-70804.2
-70829.2
-70867.8
-70872.1
-70899.5
-70932.5
-70933.8
-70933.8
-70933.8
-70933.8
-70933.8
-70933.8
-70934.6
-70934.6
-70934.6
-70934.6
-70934.6
-70935.6
-70952.4
-70952.4
-70981
-70998.7
-71012.4
-71012.4
-71012.4
-71036.3
-71036.3
-71036.3
-71042.8
-71042.8
-71045.8
-71061.5
-71076.5
-71076.5
-71076.5
-71110.7
-71139.5
-71139.5
-71172.8
-71172.8
-71172.8
-71176.8
-71176.8
-71209.6
-71217.3
-71217.3
-71217.3
-71217.3
-71223.6
-71223.6
-71223.6
-71223.6
-71223.6
-71223.6
-71227.1
-71227.1
-71227.1
-71227.1
-71227.1
-71233.7
-71233.7
-71233.7
-71236.8
-71236.8
-71236.8
-71257.7
-71284.2
-71284.2
-71284.9
-71284.9
-71308.5
-71308.5
-71312.1
-71337.1
-71337.1
-71337.1
-71348.7
-71348.7
-71408.4
-71415.5
-71449
-71474.3
-71474.3
-71474.3
-71474.3
-71484.1
-71486.2
-71506.8
-71523.1
-71527.9
-71565.7
-71565.7
-71565.7
-71565.7
-71578.4
-71578.4
-71578.4
-71578.4
-71578.4
-71578.4
-71578.4
-71617.1
-71617.1
-71617.1
-71625.5
-71625.5
-71625.5
-71625.5
-71633.8
-71658.6
-71658.6
-71678.9
-71678.9
-71678.9
-71732.1
-71740.7
-71740.7
-71740.7
-71748.2
-71774.2
-71774.2
-71774.2
-71774.2
-71830.7
-71839.8
-71839.8
-71839.8
-71863.9
-71863.9
-71877.1
-71935.8
-71935.8
-71935.8
-71959.7
-72015.6
-72015.6
-72015.6
-72024.2
-72060.7
-72068.9
-72080.1
-72089.9
-72154.3
-72170.8
-72170.8
-72170.8
-72176.7
-72194.9
-72194.9
-72194.9
-72213.7
-72228.6
-72228.6
-72262.1
-72262.1
-72262.1
-72262.1
-72284.4
-72292.4
-72314.2
-72314.2
-72314.2
-72314.2
-72314.2
-72321
-72350.7
-72374.9
-72374.9
-72374.9
-72374.9
-72374.9
-72386.4
-72391.7
-72393.8
-72393.8
-72393.8
-72421.9
-72499.7
-72499.7
-72499.7
-72499.7
-72509.5
-72515.2
-72520.3
-72522.4
-72522.4
-72585
-72585
-72631.3
-72631.3
-72631.3
-72631.3
-72642.8
-72642.8
-72642.8
-72680.1
-72680.1
-72717.2
-72717.2
-72721.8
-72721.8
-72733.3
-72782.1
-72782.1
-72793.1
-72833.1
-72833.1
-72862
-72872.8
-72872.8
-72872.8
-72891.1
-72924.7
-72924.7
-72928.3
-72928.3
-72934.1
-72944.2
-72944.2
-72944.2
-72944.9
-72964.4
-72964.4
-72970.2
-72970.2
-72994.4
-72994.4
-72994.4
-72994.4
-72994.4
-72994.4
-72994.4
-72994.4
-73001.8
-73001.8
-73001.8
-73001.8
-73009.2
-73022.6
-73022.6
-73022.6
-73030.6
-73030.6
-73030.6
-73030.6
-73030.6
-73040.5
-73102.5
-73102.5
-73102.5
-73102.5
-73102.5
-73102.5
-73102.5
-73135.4
-73146.9
-73146.9
-73151.7
-73151.7
-73162.5
-73176.6
-73176.6
-73200.6
-73231
-73249.2
-73249.2
-73249.2
-73263
-73267.1
-73267.1
-73267.1
-73267.1
-73267.1
-73267.1
-73267.1
-73267.1
-73267.1
-73297.3
-73309.7
-73315.6
-73348.5
-73348.5
-73365.3
-73365.3
-73389.3
-73389.3
-73389.3
-73389.4
-73389.4
-73389.4
-73389.4
-73389.4
-73404.9
-73413.7
-73413.7
-73413.7
-73423.7
-73423.7
-73423.7
-73423.7
-73439.7
-73458.1
-73482.1
-73482.1
-73517.6
-73522
-73563.8
-73563.8
-73563.8
-73589.9
-73589.9
-73589.9
-73589.9
-73589.9
-73589.9
-73603.3
-73603.3
-73603.3
-73606.2
-73606.2
-73606.2
-73606.2
-73606.2
-73619
-73619
-73619
-73619
-73631.5
-73631.5
-73646.8
-73646.8
-73646.8
-73650.8
-73650.8
-73650.8
-73650.8
-73659
-73659
-73659
-73659
-73659
-73659
-73659
-73659
-73669.3
-73726.2
-73762.1
-73773.3
-73797.5
-73800.3
-73810
-73814.1
-73814.1
-73819.9
-73849.3
-73849.3
-73858
-73858
-73858
-73858
-73858
-73865.4
-73865.4
-73865.4
-73865.4
-73874.6
-73874.6
-73896.2
-73896.2
-73896.2
-73896.2
-73918.3
-73923
-73926.7
-73926.7
-73957.3
-73968.5
-73968.5
-73968.5
-74026.1
-74035.1
-74041.4
-74070.2
-74070.2
-74070.2
-74070.2
-74070.2
-74070.2
-74087
-74106
-74106
-74185.6
-74185.6
-74185.6
-74185.6
-74216.9
-74216.9
-74223.2
-74265.3
-74265.3
-74298.1
-74298.1
-74298.1
-74298.1
-74333.1
-74349.7
-74349.7
-74366.8
-74420.8
-74420.8
-74420.8
-74430.5
-74435.4
-74451.6
-74451.6
-74521.7
-74559.2
-74609.6
-74611.6
-74638.2
-74638.2
-74671.1
-74671.1
-74671.1
-74707.2
-74747.6
-74766.2
-74771.8
-74809.7
-74809.7
-74809.7
-74841.1
-74841.1
-74854.9
-74854.9
-74860.7
-74863.4
-74863.9
-74863.9
-74871.3
-74891.9
-74917.2
-74935.3
-74935.3
-74935.3
-74935.3
-74967.3
-74987.8
-75017.4
-75017.4
-75017.4
-75017.4
-75049.4
-75049.4
-75049.4
-75049.4
-75096.5
-75096.5
-75096.5
-75111.8
-75137.6
-75137.6
-75138.2
-75138.2
-75180.9
-75202.2
-75222.2
-75250.6
-75260.1
-75304.8
-75323.9
-75323.9
-75323.9
-75325.2
-75360.4
-75360.4
-75360.4
-75360.4
-75360.4
-75360.4
-75360.4
-75360.4
-75407.9
-75407.9
-75407.9
-75407.9
-75408.2
-75432.3
-75432.3
-75432.3
-75432.3
-75432.3
-75432.3
-75441.1
-75441.1
-75441.1
-75460.6
-75460.6
-75490.1
-75490.1
-75491.3
-75491.3
-75502.7
-75548.6
-75548.6
-75548.6
-75568.4
-75587.2
-75587.2
-75587.2
-75587.2
-75603.3
-75603.3
-75616.4
-75616.4
-75616.4
-75616.4
-75616.4
-75667.5
-75667.5
-75680.1
-75680.1
-75680.1
-75680.1
-75680.1
-75689
-75709
-75709
-75709
-75709
-75709
-75709
-75725.1
-75725.9
-75729.5
-75766.3
-75766.3
-75766.3
-75790.4
-75790.4
-75800.9
-75802.7
-75802.7
-75802.7
-75804.8
-75804.8
-75844
-75883
-75883
-75883
-75891.9
-75891.9
-75891.9
-75902.2
-75902.2
-75902.2
-75902.2
-75911.9
-75911.9
-75912.6
-75929.5
-75929.5
-75929.5
-75937.9
-75937.9
-76004.9
-76012.3
-76019.6
-76044.9
-76044.9
-76044.9
-76047.9
-76047.9
-76048.6
-76048.6
-76048.6
-76103.2
-76139.1
-76162.3
-76162.3
-76163.9
-76163.9
-76212.2
-76214.2
-76214.2
-76214.2
-76214.2
-76214.2
-76252.4
-76252.4
-76252.4
-76252.4
-76298.1
-76298.1
-76311.9
-76311.9
-76311.9
-76311.9
-76311.9
-76311.9
-76313.5
-76313.5
-76313.5
-76313.5
-76316.2
-76343.4
-76343.4
-76343.4
-76343.8
-76348.6
-76378.8
-76388.4
-76388.4
-76388.4
-76400.4
-76400.4
-76400.4
-76400.4
-76400.4
-76400.4
-76417.9
-76461.9
-76461.9
-76461.9
-76461.9
-76461.9
-76461.9
-76492.4
-76492.4
-76492.4
-76534.6
-76534.6
-76550.2
-76576.8
-76576.8
-76576.8
-76576.8
-76576.8
-76601.3
-76637
-76694.1
-76694.1
-76713.4
-76713.4
-76725.9
-76725.9
-76737.8
-76747
-76747
-76747
-76747
-76747
-76788.2
-76788.2
-76788.2
-76819.2
-76824.4
-76824.4
-76824.4
-76824.4
-76848.4
-76895.7
-76900.9
-76905.3
-76921.9
-76921.9
-76921.9
-76931.7
-76939.7
-76945.4
-76945.4
-76945.4
-76945.4
-76970.7
-76970.7
-76979.3
-76979.3
-76979.3
-76980.1
-76980.1
-76980.1
-77021.5
-77036
-77039
-77039
-77039
-77063.8
-77108.3
-77108.3
-77108.3
-77108.3
-77108.3
-77108.3
-77108.3
-77147.8
-77150.2
-77161
-77161
-77161
-77166.1
-77167.7
-77179
-77216.1
-77247.5
-77247.5
-77270.8
-77270.8
-77270.8
-77280.1
-77294.2
-77350.3
-77350.3
-77364.1
-77364.1
-77364.1
-77364.1
-77377.9
-77377.9
-77377.9
-77377.9
-77377.9
-77377.9
-77396
-77411
-77429.6
-77429.6
-77429.6
-77436.3
-77436.3
-77436.3
-77451.5
-77451.5
-77451.5
-77467.7
-77467.7
-77467.7
-77467.7
-77488.2
-77493.3
-77493.3
-77501.5
-77547.6
-77547.6
-77552.2
-77568.6
-77568.6
-77568.6
-77568.6
-77568.6
-77592.1
-77623.6
-77623.6
-77623.6
-77623.6
-77623.6
-77628.9
-77628.9
-77636.2
-77672
-77672
-77672
-77685.2
-77685.2
-77685.2
-77691.3
-77691.3
-77706.6
-77734.3
-77752.4
-77752.4
-77770
-77770
-77770
-77770
-77770
-77770
-77770
-77770
-77770
-77770
-77804
-77804
-77828.5
-77846.9
-77872.5
-77872.5
-77872.5
-77923.3
-77939.2
-77939.2
-77939.2
-77939.2
-77939.2
-77945.2
-77945.2
-77963.2
-78017.4
-78027.4
-78027.4
-78053
-78053
-78053
-78059.2
-78059.9
-78059.9
-78059.9
-78059.9
-78059.9
-78059.9
-78059.9
-78068.4
-78102.2
-78182.9
-78232
-78232
-78277.5
-78277.5
-78300.8
-78312
-78312
-78312
-78312
-78324.9
-78340.7
-78352.1
-78402.5
-78402.5
-78410.5
-78410.5
-78410.5
-78410.5
-78410.5
-78411.5
-78413.8
-78419.6
-78419.6
-78446.2
-78481.3
-78481.3
-78481.3
-78509.5
-78521.6
-78541.3
-78541.3
-78546.7
-78546.7
-78574.1
-78588.2
-78611.5
-78641.1
-78641.1
-78649.1
-78649.1
-78689.5
-78739.3
-78739.3
-78739.3
-78739.3
-78739.3
-78808.1
-78818
-78818
-78830.6
-78830.6
-78830.6
-78869.5
-78905
-78920.3
-78943.2
-78943.2
-78950.7
-78950.7
-78950.7
-78972.4
-78972.4
-78987.4
-78987.4
-78987.4
-79007.1
-79007.1
-79031.3
-79041.9
-79041.9
-79041.9
-79041.9
-79041.9
-79068
-79068
-79068
-79068
-79071.8
-79071.8
-79071.8
-79071.8
-79071.8
-79077.2
-79077.2
-79077.2
-79082.3
-79082.3
-79096.1
-79096.1
-79096.1
-79096.1
-79117.6
-79117.6
-79117.6
-79117.6
-79117.6
-79117.6
-79117.6
-79157.2
-79163.8
-79163.8
-79175.4
-79175.4
-79175.4
-79175.4
-79175.4
-79175.4
-79175.4
-79175.4
-79175.4
-79198.2
-79244.8
-79244.8
-79244.8
-79244.8
-79244.8
-79266
-79266
-79311.9
-79311.9
-79324.3
-79324.3
-79324.3
-79324.3
-79325.5
-79325.5
-79325.5
-79357.6
-79357.6
-79436.8
-79443.8
-79459.8
-79465.3
-79488.8
-79488.8
-79488.8
-79507.7
-79507.7
-79507.7
-79536.3
-79536.3
-79537.8
-79537.8
-79555.7
-79559
-79559
-79559
-79608
-79608
-79646.5
-79688.7
-79688.7
-79688.7
-79688.7
-79688.7
-79688.7
-79688.7
-79688.7
-79688.7
-79688.7
-79688.7
-79689.8
-79765
-79765
-79776.5
-79776.5
-79776.5
-79776.5
-79777.8
-79777.8
-79777.8
-79777.8
-79797.3
-79797.3
-79802.5
-79802.5
-79802.5
-79845.3
-79845.3
-79845.3
-79845.3
-79873.5
-79873.5
-79887.3
-79887.3
-79887.3
-79887.3
-79908.5
-79926
-79963.5
-80001.9
-80032.9
-80032.9
-80066.2
-80066.2
-80066.2
-80099.4
-80104.3
-80104.3
-80116
-80116
-80118
-80144.3
-80144.3
-80214.6
-80214.6
-80214.6
-80214.6
-80214.6
-80231.9
-80260.2
-80260.2
-80260.2
-80262.2
-80324.4
-80330.4
-80341
-80387.1
-80388.9
-80388.9
-80388.9
-80388.9
-80418.3
-80419.6
-80429.6
-80440.8
-80440.8
-80464.2
-80468.4
-80480.5
-80554.3
-80554.3
-80606.9
-80606.9
-80610.8
-80625.1
-80625.1
-80625.1
-80625.1
-80625.1
-80625.1
-80625.1
-80629.1
-80629.1
-80629.1
-80629.1
-80629.1
-80629.1
-80631.8
-80633.5
-80633.5
-80653.3
-80653.3
-80653.3
-80669
-80669
-80685.1
-80685.1
-80720
-80720
-80720
-80721.5
-80721.5
-80721.5
-80721.5
-80721.5
-80743.8
-80743.8
-80753.7
-80801.6
-80818.4
-80818.4
-80818.4
-80818.4
-80818.4
-80826
-80826
-80844.2
-80876.5
-80876.5
-80883
-80883
-80887.3
-80887.3
-80887.3
-80939.9
-80947.8
-80971.7
-80971.7
-80982.1
-80982.1
-80982.1
-80982.1
-81015.3
-81056.6
-81057.9
-81057.9
-81057.9
-81057.9
-81057.9
-81057.9
-81057.9
-81063.3
-81063.3
-81063.3
-81063.3
-81063.3
-81091.9
-81091.9
-81091.9
-81091.9
-81091.9
-81122.9
-81122.9
-81144.9
-81151.1
-81151.1
-81152.2
-81152.2
-81152.2
-81186.8
-81186.8
-81217.7
-81291.2
-81291.2
-81291.2
-81355.9
-81388.5
-81388.5
-81388.5
-81406.5
-81418.6
-81421.8
-81421.8
-81433.4
-81433.4
-81433.4
-81433.4
-81438.8
-81450.3
-81469.9
-81478.6
-81484.1
-81484.1
-81491.4
-81498.3
-81498.3
-81506.3
-81521.3
-81544.6
-81578.8
-81594.7
-81594.7
-81640
-81644
-81644
-81644
-81644
-81644
-81664.8
-81664.8
-81664.8
-81695.8
-81695.8
-81708.7
-81708.7
-81708.7
-81722.1
-81722.1
-81758.6
-81758.6
-81781.4
-81781.4
-81781.4
-81802.9
-81802.9
-81809
-81809
-81818.5
-81818.5
-81822
-81822
-81822.6
-81822.6
-81822.6
-81822.6
-81828.5
-81839
-81839
-81839
-81839
-81839
-81846.5
-81846.5
-81853.6
-81853.6
-81869.9
-81871.7
-81871.7
-81871.7
-81871.7
-81871.7
-81871.7
-81901.8
-81901.8
-81901.8
-81901.8
-81901.8
-81901.8
-81901.8
-81906.1
-81906.1
-81948.5
-81952.3
-81952.3
-81952.3
-81982.4
-81982.4
-81982.4
-81982.4
-81997.3
-81997.3
-82000.2
-82000.2
-82000.2
-82031.3
-82034.1
-82072.2
-82072.2
-82072.2
-82072.2
-82072.2
-82098.3
-82119.4
-82119.4
-82119.4
-82119.4
-82119.4
-82119.4
-82119.4
-82164.2
-82164.2
-82177.9
-82177.9
-82177.9
-82177.9
-82181.7
-82181.7
-82181.7
-82225.6
-82225.6
-82225.6
-82225.6
-82225.6
-82225.6
-82225.6
-82229.3
-82251.1
-82270.4
-82270.4
-82295.6
-82295.6
-82342.3
-82368.5
-82368.5
-82376
-82376
-82376
-82383.3
-82399.7
-82399.7
-82408.3
-82467.3
-82518.9
-82518.9
-82531.2
-82534.1
-82534.1
-82534.1
-82540.2
-82540.2
-82540.2
-82545.5
-82545.7
-82545.7
-82546.2
-82560.6
-82567.2
-82567.2
-82567.2
-82567.2
-82572.6
-82572.6
-82580.1
-82580.1
-82615.9
-82615.9
-82615.9
-82615.9
-82632.8
-82632.8
-82632.8
-82632.8
-82632.7
-82634.4
-82646.1
-82646.1
-82653.3
-82653.3
-82653.3
-82685.3
-82685.3
-82685.3
-82696.4
-82696.4
-82714.3
-82759.6
-82759.6
-82759.6
-82759.6
-82761.4
-82761.4
-82761.4
-82773.2
-82773.2
-82773.2
-82773.2
-82776.3
-82793.3
-82793.3
-82800.2
-82800.2
-82810.6
-82810.6
-82810.6
-82851.3
-82851.3
-82851.3
-82867.7
-82867.7
-82867.7
-82882.3
-82933.8
-82933.8
-82933.8
-82934.8
-82947.7
-82947.7
-82967.6
-82997.9
-82997.9
-83054.2
-83054.2
-83055.1
-83056.8
-83066.3
-83066.3
-83066.3
-83066.3
-83066.3
-83066.3
-83066.3
-83100.5
-83102.1
-83110.8
-83110.8
-83110.8
-83110.8
-83128.3
-83128.3
-83128.3
-83128.3
-83141.8
-83172
-83172
-83192
-83221
-83221
-83221
-83221
-83221
-83224.7
-83231.6
-83231.6
-83231.6
-83292.1
-83292.8
-83292.8
-83292.8
-83302
-83302
-83302
-83302
-83302
-83305.3
-83305.3
-83305.3
-83305.3
-83344.1
-83361
-83361
-83373.7
-83373.7
-83373.7
-83373.7
-83373.7
-83373.7
-83441.9
-83445.6
-83486.9
-83486.9
-83498.9
-83513.4
-83513.4
-83513.4
-83513.4
-83513.4
-83520
-83520
-83520
-83568.3
-83577.9
-83588.7
-83588.7
-83588.7
-83588.7
-83612.2
-83612.2
-83612.2
-83612.2
-83612.2
-83612.2
-83640.6
-83646.4
-83646.4
-83676.2
-83676.2
-83702.2
-83702.2
-83714.6
-83749.2
-83749.2
-83765.4
-83765.4
-83765.4
-83778.5
-83778.5
-83778.5
-83810.2
-83817.1
-83835.8
-83835.8
-83835.8
-83835.8
-83835.8
-83875
-83875
-83880.8
-83881.7
-83895
-83906.1
-83918.5
-83924.1
-83992.8
-83992.8
-84016
-84025.3
-84025.3
-84101.6
-84106.1
-84106.1
-84134.1
-84134.1
-84147.3
-84147.3
-84186.5
-84186.5
-84186.5
-84186.5
-84190.5
-84190.5
-84209.1
-84209.1
-84209.1
-84240.4
-84240.4
-84240.4
-84240.4
-84251.4
-84251.4
-84251.4
-84251.4
-84251.4
-84251.4
-84251.4
-84251.4
-84279.9
-84324.4
-84324.4
-84324.4
-84324.4
-84365.1
-84376
-84376
-84376
-84376
-84376
-84376
-84381.8
-84381.8
-84381.8
-84381.8
-84381.8
-84381.8
-84390.5
-84393.6
-84393.6
-84402.5
-84415.7
-84415.7
-84466
-84466
-84503.6
-84503.6
-84503.6
-84503.6
-84503.6
-84503.6
-84503.6
-84516.6
-84516.6
-84516.6
-84516.6
-84516.6
-84516.6
-84516.6
-84516.6
-84516.6
-84516.6
-84519.4
-84519.4
-84532.2
-84537.6
-84537.6
-84549
-84589.1
-84603.5
-84603.5
-84603.5
-84634.3
-84648.5
-84658.4
-84681.1
-84717.6
-84717.6
-84717.6
-84717.6
-84717.6
-84717.6
-84728.9
-84763.6
-84763.6
-84763.6
-84805.5
-84821.9
-84821.9
-84821.9
-84821.9
-84821.9
-84821.9
-84821.9
-84821.9
-84842.4
-84842.4
-84842.4
-84842.4
-84842.4
-84842.4
-84842.4
-84842.4
-84864.2
-84874.8
-84887.4
-84887.4
-84887.4
-84887.4
-84887.4
-84887.4
-84896.6
-84896.6
-84913.6
-84913.6
-84932
-84946.7
-84946.7
-84946.7
-84979.4
-84979.4
-84980.2
-84980.2
-85002.3
-85002.3
-85024.1
-85031.2
-85053.8
-85058.5
-85058.5
-85071.1
-85099.6
-85099.6
-85157.4
-85166.4
-85166.4
-85166.4
-85211.2
-85237.6
-85243
-85243
-85280
-85280
-85322.7
-85339.1
-85378.6
-85406
-85406
-85406
-85406
-85418.2
-85418.2
-85419.7
-85419.7
-85419.7
-85419.7
-85431.8
-85431.8
-85452.7
-85452.7
-85452.7
-85452.7
-85452.7
-85452.7
-85452.7
-85452.7
-85473.6
-85473.6
-85473.6
-85473.6
-85487.7
-85504.7
-85504.7
-85530.9
-85530.9
-85550.3
-85550.3
-85553
-85553.7
-85558.9
-85558.9
-85558.9
-85558.9
-85558.9
-85574.5
-85621.9
-85621.9
-85632
-85647.4
-85647.4
-85675.1
-85709.7
-85764.5
-85764.5
-85786.8
-85786.8
-85803
-85853.2
-85853.2
-85853.2
-85853.2
-85863.1
-85863.1
-85863.7
-85863.7
-85873.5
-85908.3
-85937.7
-85937.7
-85939.4
-85941.6
-85943.9
-85972.7
-85972.7
-85972.7
-85989.1
-85989.1
-85989.1
-85989.1
-85989.1
-85989.1
-85989.1
-85989.1
-85990.5
-86000.8
-86000.8
-86000.8
-86000.8
-86000.8
-86011.6
-86011.6
-86044.8
-86044.8
-86044.8
-86044.8
-86058.1
-86058.1
-86082.8
-86082.8
-86091.6
-86091.6
-86091.6
-86091.6
-86091.6
-86091.6
-86091.6
-86091.6
-86091.6
-86091.6
-86091.6
-86103.1
-86131.5
-86131.5
-86131.5
-86136
-86136
-86144.5
-86157.2
-86157.2
-86157.2
-86190.7
-86190.7
-86190.7
-86200.4
-86222.8
-86222.8
-86222.8
-86222.8
-86222.8
-86238.6
-86238.6
-86242.9
-86265.8
-86265.8
-86265.8
-86265.8
-86288.5
-86299.3
-86299.3
-86355.3
-86355.3
-86378.2
-86395.6
-86422
-86422
-86422
-86422
-86435.1
-86435.1
-86444.2
-86444.2
-86449
-86501.9
-86501.9
-86519.5
-86532.2
-86532.2
-86578.3
-86631.7
-86642.4
-86656.8
-86656.8
-86677.8
-86677.8
-86677.8
-86677.8
-86677.8
-86720.1
-86720.1
-86720.1
-86720.1
-86720.1
-86720.1
-86720.1
-86769.8
-86769.8
-86769.8
-86769.8
-86769.8
-86769.8
-86769.8
-86774.7
-86789.5
-86789.5
-86839.4
-86839.4
-86839.4
-86839.4
-86856.3
-86856.3
-86856.3
-86861.6
-86875.7
-86876.2
-86885.7
-86885.7
-86888.1
-86939.8
-86939.8
-86939.8
-86939.8
-86939.8
-86957.6
-86957.6
-86964
-86993.6
-86993.6
-86993.6
-86993.6
-87019.8
-87019.8
-87019.8
-87019.8
-87019.8
-87019.8
-87019.8
-87019.8
-87054.5
-87054.5
-87084.4
-87111.8
-87111.8
-87111.8
-87186.8
-87186.8
-87186.8
-87186.8
-87223.9
-87264.8
-87264.8
-87264.8
-87264.8
-87270.4
-87293.4
-87295.4
-87306.1
-87324.6
-87324.6
-87324.6
-87324.6
-87324.6
-87377.1
-87427.7
-87427.7
-87429.7
-87429.7
-87457.8
-87474.6
-87506.7
-87540.2
-87540.2
-87581.4
-87581.4
-87581.4
-87632.1
-87632.1
-87661.9
-87666.3
-87666.3
-87685.7
-87685.7
-87705.6
-87705.6
-87718.2
-87730.5
-87748
-87748
-87748
-87748
-87748
-87748
-87772.8
-87799.9
-87833.5
-87838.8
-87838.8
-87870.4
-87870.4
-87870.4
-87870.4
-87907.7
-87907.7
-87927.4
-87976.3
-87976.3
-87976.3
-87987.1
-87987.1
-87989.3
-87989.3
-88002.1
-88002.1
-88002.1
-88032.3
-88032.3
-88032.3
-88032.3
-88073.8
-88073.8
-88073.8
-88073.8
-88126.3
-88158.7
-88158.7
-88158.7
-88158.7
-88158.7
-88158.7
-88158.7
-88158.7
-88158.7
-88178.1
-88232.9
-88242.4
-88258.6
-88258.6
-88258.6
-88258.6
-88258.6
-88258.6
-88258.6
-88290.8
-88294.6
-88307.7
-88324.1
-88324.1
-88324.1
-88345.2
-88346.7
-88356.1
-88356.1
-88356.1
-88356.1
-88377.3
-88377.3
-88380.6
-88380.6
-88413
-88413.5
-88413.5
-88413.5
-88443.1
-88496.6
-88500.5
-88500.5
-88500.5
-88541.5
-88571.2
-88646.4
-88646.4
-88646.4
-88646.4
-88656.8
-88656.8
-88656.8
-88656.8
-88679
-88679
-88679
-88685.9
-88685.9
-88715.9
-88715.9
-88715.9
-88715.9
-88724.4
-88724.4
-88742.8
-88742.8
-88806.2
-88843
-88865.4
-88865.4
-88879.3
-88879.3
-88879.3
-88879.3
-88879.3
-88879.3
-88897.8
-88932.6
-88932.6
-88943.3
-88955.6
-88955.6
-88971.8
-88971.8
-88971.8
-88971.8
-88971.8
-88971.8
-89021.7
-89073.2
-89112.7
-89112.7
-89138.2
-89154.8
-89154.8
-89154.8
-89167.9
-89167.9
-89167.9
-89167.9
-89174.3
-89184.6
-89184.6
-89199.7
-89199.7
-89199.7
-89199.7
-89199.7
-89206.3
-89209.6
-89209.6
-89225.2
-89300.4
-89300.4
-89300.4
-89300.4
-89300.4
-89300.4
-89342.3
-89342.3
-89342.3
-89342.3
-89342.3
-89363
-89364.7
-89364.7
-89364.7
-89383.8
-89383.8
-89383.8
-89383.8
-89383.8
-89383.8
-89404.5
-89404.5
-89404.5
-89404.5
-89423.7
-89450.2
-89450.2
-89464.6
-89478.2
-89482
-89499.6
-89499.6
-89499.6
-89505.1
-89518.5
-89518.5
-89542.6
-89542.6
-89542.6
-89575.4
-89575.4
-89575.4
-89580.6
-89580.6
-89618.2
-89653
-89653
-89668.3
-89676.8
-89676.8
-89676.8
-89677.8
-89677.8
-89677.8
-89722.4
-89722.4
-89722.4
-89731.2
-89746.2
-89761.7
-89809.1
-89809.1
-89809.1
-89816.3
-89851.8
-89888.1
-89888.1
-89888.1
-89890.5
-89890.5
-89890.5
-89890.5
-89890.5
-89890.5
-89890.5
-89899.8
-89899.8
-89919.8
-89919.8
-89919.8
-89995.5
-90036.3
-90036.3
-90072.8
-90092.4
-90122.9
-90122.9
-90153.7
-90172.7
-90181.8
-90181.8
-90181.8
-90216.2
-90216.2
-90216.2
-90216.2
-90216.2
-90231.5
-90235.1
-90235.1
-90269.8
-90283.1
-90299.4
-90325.9
-90325.9
-90325.9
-90361
-90361
-90390.4
-90390.4
-90401.2
-90401.2
-90401.2
-90403.8
-90403.8
-90403.8
-90426.6
-90426.6
-90428.7
-90428.7
-90428.7
-90428.7
-90428.7
-90428.7
-90428.7
-90428.7
-90437.4
-90437.4
-90437.4
-90437.4
-90456.7
-90456.7
-90456.7
-90480.8
-90481.1
-90481.1
-90497.9
-90527
-90527
-90527
-90531.9
-90531.9
-90531.9
-90532
-90572.4
-90572.4
-90572.4
-90575.1
-90575.1
-90575.1
-90585.7
-90612.8
-90612.8
-90653.9
-90653.9
-90657.9
-90657.9
-90676.9
-90676.9
-90700.2
-90700.2
-90700.2
-90700.2
-90769.6
-90811.4
-90811.4
-90811.4
-90811.4
-90815.9
-90815.9
-90841.2
-90841.2
-90849.6
-90886.5
-90886.5
-90886.5
-90886.5
-90917.1
-90917.1
-90917.1
-90917.1
-90917.1
-90927.1
-90955.7
-90955.7
-90970.2
-90992.5
-90992.5
-90992.5
-90992.5
-91011.3
-91011.3
-91011.3
-91011.3
-91011.3
-91011.3
-91011.3
-91011.3
-91011.3
-91043.4
-91043.4
-91049.8
-91081.1
-91081.1
-91081.1
-91081.3
-91094
-91120.3
-91120.3
-91120.3
-91120.3
-91138.2
-91153.4
-91153.4
-91153.4
-91156.8
-91174.6
-91174.6
-91174.6
-91174.6
-91187.7
-91187.7
-91187.7
-91191.7
-91208.8
-91208.8
-91208.8
-91235.1
-91255.7
-91258.6
-91258.6
-91351.3
-91384.1
-91384.1
-91395.6
-91395.6
-91395.6
-91395.6
-91395.6
-91395.6
-91404.5
-91404.5
-91404.5
-91404.5
-91404.5
-91404.5
-91453.3
-91461.8
-91461.8
-91461.8
-91494.8
-91494.8
-91539.3
-91546.5
-91546.5
-91546.5
-91551.5
-91551.6
-91571.5
-91571.5
-91571.5
-91580.3
-91584.5
-91619.1
-91630.3
-91657.7
-91684
-91684
-91692.4
-91708.1
-91709.5
-91717.7
-91717.7
-91717.9
-91740.9
-91740.9
-91755.7
-91755.7
-91755.7
-91755.7
-91755.7
-91790.9
-91813.4
-91815.4
-91815.4
-91846.1
-91846.1
-91846.1
-91846.1
-91846.1
-91846.1
-91846.1
-91846.1
-91846.1
-91875.1
-91875.1
-91895
-91895
-91895
-91925.5
-91933.4
-91968.6
-91999.3
-91999.3
-91999.3
-91999.5
-91999.5
-91999.5
-91999.5
-92000.3
-92000.3
-92000.3
-92013.9
-92013.9
-92013.9
-92021.9
-92021.9
-92031.4
-92053.4
-92053.4
-92053.4
-92053.4
-92053.4
-92053.4
-92053.4
-92073.4
-92073.4
-92073.4
-92080.4
-92080.4
-92102.2
-92102.2
-92113
-92113
-92127
-92176.2
-92179.4
-92179.4
-92179.4
-92233.2
-92258.6
-92258.6
-92272.8
-92296.9
-92296.9
-92324.9
-92324.9
-92350.4
-92350.4
-92350.4
-92364.6
-92390.5
-92443.3
-92443.3
-92443.3
-92443.3
-92443.3
-92455.9
-92531.8
-92531.8
-92531.8
-92553.1
-92566.4
-92624
-92658.4
-92658.4
-92658.4
-92658.4
-92667.5
-92667.5
-92667.5
-92680
-92680
-92680
-92714.9
-92714.9
-92741.9
-92741.9
-92743.2
-92755.9
-92788.9
-92788.9
-92788.9
-92788.9
-92788.9
-92841.2
-92841.2
-92865.9
-92865.9
-92868.8
-92868.8
-92868.8
-92868.8
-92885
-92885
-92885
-92885
-92885
-92885
-92885
-92885
-92885
-92885
-92885
-92938.8
-92940.7
-92940.7
-92940.7
-92948.1
-92991.3
-92991.3
-93010.6
-93010.6
-93010.6
-93030.9
-93068.4
-93068.4
-93088.2
-93088.2
-93088.2
-93088.2
-93088.2
-93107.1
-93108.5
-93108.5
-93169.5
-93169.5
-93169.5
-93169.5
-93169.5
-93181
-93181
-93181
-93181
-93207.6
-93207.6
-93224.9
-93224.9
-93224.9
-93224.9
-93234.3
-93234.3
-93234.3
-93243.5
-93243.5
-93264.9
-93264.9
-93264.9
-93264.9
-93268.8
-93277
-93277
-93329.4
-93329.4
-93329.4
-93329.4
-93362
-93362
-93376.1
-93379
-93379
-93420
-93441
-93467.1
-93467.1
-93472.9
-93472.9
-93527.5
-93548.5
-93556
-93556
-93556
-93560.9
-93560.9
-93560.9
-93560.9
-93560.9
-93585.9
-93585.9
-93585.9
-93585.9
-93585.9
-93603.2
-93603.2
-93613.2
-93613.2
-93626.9
-93653.5
-93695.8
-93769.5
-93776.9
-93800.1
-93800.1
-93800.1
-93800.1
-93829.9
-93831.6
-93831.6
-93831.6
-93831.6
-93831.6
-93849.9
-93866.1
-93867.7
-93867.7
-93867.7
-93876.2
-93876.2
-93876.2
-93876.2
-93876.2
-93888.9
-93901.6
-93902.1
-93951.5
-93951.5
-93951.5
-93951.5
-93960.5
-93960.5
-93973.5
-93973.5
-93983.3
-93983.3
-93993.2
-93995.8
-93995.8
-93995.8
-93995.8
-93995.8
-93995.8
-94013.4
-94060.2
-94076
-94076
-94099.7
-94099.7
-94100.1
-94109
-94155.1
-94155.1
-94155.6
-94209.6
-94237.4
-94254.3
-94254.3
-94261
-94261
-94266.2
-94266.2
-94277.9
-94303.2
-94303.2
-94303.2
-94303.2
-94303.2
-94303.2
-94307.9
-94362.3
-94371.3
-94379.7
-94405.9
-94405.9
-94419.9
-94419.9
-94419.9
-94423.7
-94423.7
-94427.5
-94427.5
-94427.5
-94427.5
-94427.5
-94427.5
-94427.5
-94427.5
-94427.5
-94427.5
-94427.5
-94427.5
-94427.5
-94427.5
-94427.5
-94436.4
-94436.4
-94436.4
-94437.7
-94437.7
-94437.7
-94437.7
-94437.7
-94437.7
-94437.7
-94437.7
-94437.7
-94438
-94438
-94438
-94438
-94438
-94450.7
-94479.9
-94479.9
-94479.9
-94497.3
-94497.3
-94527
-94560.7
-94560.7
-94566.6
-94593.3
-94593.3
-94607.7
-94607.7
-94607.7
-94607.7
-94607.7
-94607.7
-94607.7
-94607.7
-94607.7
-94607.7
-94607.7
-94607.7
-94607.7
-94638.8
-94638.8
-94645
-94645
-94645
-94645
-94659.4
-94659.4
-94659.4
-94659.4
-94681.5
-94681.5
-94681.5
-94681.5
-94681.5
-94681.5
-94681.5
-94681.5
-94706.3
-94720.9
-94720.9
-94722.3
-94722.3
-94764.4
-94764.4
-94764.4
-94764.4
-94764.4
-94768.8
-94790.9
-94790.9
-94800.4
-94800.4
-94800.4
-94800.4
-94825.7
-94855.3
-94855.3
-94855.3
-94896.8
-94896.8
-94896.8
-94896.8
-94915.3
-94915.3
-94915.3
-94953
-94953
-94953
-94963.6
-94964.5
-94964.5
-94964.5
-94964.5
-94964.5
-94974.5
-95012.8
-95012.8
-95013.7
-95017.5
-95027.8
-95053.9
-95053.9
-95074.2
-95074.2
-95092
-95111.9
-95111.9
-95111.9
-95111.9
-95129.8
-95151.2
-95151.2
-95151.2
-95151.2
-95153.9
-95153.9
-95155.2
-95193.6
-95193.6
-95193.6
-95193.6
-95200.4
-95200.4
-95200.4
-95200.4
-95200.4
-95200.4
-95200.4
-95233.8
-95233.8
-95241.9
-95267.2
-95298.8
-95311.7
-95329.5
-95343
-95395
-95395
-95395
-95395
-95395
-95420.7
-95420.7
-95420.7
-95420.7
-95434.7
-95445.8
-95445.8
-95445.8
-95445.8
-95445.8
-95453.8
-95488.9
-95510.4
-95510.4
-95510.4
-95517.4
-95517.4
-95523.9
-95524.6
-95530
-95530
-95530
-95535
-95562.6
-95562.6
-95562.6
-95587.3
-95587.3
-95587.3
-95589.4
-95601.5
-95629.8
-95644
-95645.6
-95670
-95711.7
-95723.6
-95743.4
-95743.4
-95749.2
-95797.6
-95797.6
-95822.6
-95822.6
-95822.6
-95845.3
-95857.6
-95893.3
-95899.2
-95923.7
-95923.7
-95923.7
-95932.7
-95932.7
-95969
-95969
-95984.1
-95984.1
-95995.7
-96007.1
-96027
-96076
-96091.6
-96091.6
-96091.6
-96091.6
-96091.6
-96091.6
-96106
-96116.7
-96116.7
-96156
-96156
-96156
-96156
-96169
-96169
-96169
-96169
-96171.2
-96171.2
-96185.5
-96220.4
-96228.1
-96228.1
-96269.3
-96269.3
-96272.8
-96286
-96332.2
-96332.2
-96332.2
-96357.9
-96357.9
-96385.3
-96385.3
-96385.3
-96385.3
-96385.3
-96385.3
-96385.3
-96386.4
-96386.4
-96386.4
-96386.4
-96404.4
-96404.4
-96404.4
-96404.4
-96428.2
-96444
-96474.7
-96495.8
-96495.8
-96495.8
-96523.2
-96533.6
-96533.6
-96540
-96540
-96571.1
-96588.3
-96588.3
-96588.3
-96588.3
-96588.3
-96594
-96594
-96594
-96594
-96594
-96594
-96594
-96594.7
-96594.7
-96616.1
-96616.1
-96657.1
-96657.1
-96665.5
-96668.5
-96668.5
-96676.5
-96676.5
-96676.5
-96676.5
-96676.5
-96676.5
-96676.5
-96676.5
-96676.5
-96676.5
-96680.8
-96687.5
-96687.5
-96710.6
-96710.6
-96710.6
-96717.7
-96717.7
-96717.7
-96717.7
-96717.7
-96717.7
-96717.7
-96717.7
-96717.7
-96724.2
-96726.8
-96728.7
-96753.1
-96753.1
-96776.4
-96776.4
-96776.4
-96776.4
-96798.7
-96798.7
-96798.7
-96830.5
-96830.5
-96839.7
-96839.8
-96880
-96904
-96925.8
-96925.8
-96925.8
-96925.8
-96925.8
-96967.3
-96967.3
-96975
-96975
-96975
-96975
-96992.9
-97020.6
-97020.6
-97020.6
-97032.6
-97039.4
-97062.7
-97062.7
-97062.7
-97062.7
-97068.8
-97068.8
-97085.5
-97085.5
-97085.5
-97093.7
-97105.9
-97127.5
-97176.3
-97176.3
-97176.3
-97230.1
-97230.1
-97230.7
-97230.7
-97237.1
-97237.1
-97237.1
-97237.1
-97239
-97242.9
-97247.7
-97248.7
-97248.7
-97254.5
-97288.9
-97288.9
-97288.9
-97288.9
-97288.9
-97304.3
-97310.3
-97310.3
-97336
-97388.1
-97411.1
-97436.7
-97436.7
-97436.7
-97436.7
-97441.1
-97468.9
-97474.7
-97474.7
-97475.6
-97475.6
-97475.6
-97475.6
-97487.7
-97491
-97491
-97491
-97491
-97526.3
-97548
-97567.5
-97576.8
-97576.8
-97576.8
-97576.8
-97592.1
-97601.9
-97601.9
-97607.4
-97607.4
-97607.4
-97607.4
-97608.8
-97608.8
-97639.6
-97665.4
-97665.4
-97668.4
-97668.4
-97668.4
-97668.4
-97668.4
-97668.4
-97668.4
-97668.4
-97680.6
-97680.6
-97680.6
-97680.6
-97697.5
-97711.3
-97728.8
-97741.5
-97741.5
-97806.5
-97806.5
-97830.3
-97830.3
-97834.8
-97843
-97843
-97843
-97908.1
-97912.5
-97912.5
-97912.5
-97928.4
-97928.4
-97928.4
-97938.3
-97938.3
-97938.3
-97942.2
-97970.2
-97970.2
-97970.2
-97970.2
-97970.2
-98004.2
-98004.2
-98004.2
-98004.2
-98004.2
-98011.2
-98018.4
-98023.7
-98023.7
-98023.7
-98041.5
-98041.5
-98076.9
-98076.9
-98076.9
-98076.9
-98076.9
-98108.1
-98128
-98128
-98128
-98153
-98153
-98153
-98155.6
-98159.4
-98159.4
-98159.4
-98159.4
-98172.2
-98191.4
-98191.4
-98191.4
-98191.4
-98197.8
-98198.2
-98207.6
-98208.3
-98208.3
-98208.3
-98213.6
-98213.6
-98213.6
-98238.8
-98238.8
-98238.8
-98287
-98287
-98287
-98324.4
-98324.4
-98324.4
-98324.4
-98324.4
-98324.4
-98339.4
-98339.4
-98352.6
-98352.6
-98358
-98358.5
-98358.5
-98358.5
-98368.3
-98394.4
-98394.4
-98411.1
-98428.4
-98452.3
