-0.627639
0.076984
0.42068
1.06954
0.374064
-0.0456119
1.46172
1.39955
0.954137
0.208016
-0.415557
-1.53015
-0.3789
-1.33344
-1.55453
-0.668265
0.0616705
-0.367663
-0.874135
-0.417293
0.69302
-0.166221
-0.284371
-0.484478
0.100313
-0.408173
-0.673659
-0.279789
-0.0449224
-0.793004
-0.756536
-0.649906
-0.576704
0.225669
0.376553
-0.391233
-0.677757
0.716365
0.540085
0.40665
0.304443
-0.993305
-0.118474
0.257709
0.375368
0.678854
0.422825
-0.0903081
0.844329
0.606732
-1.32623
-0.244861
1.0594
0.503194
-0.0625322
0.872975
1.4668
0.285499
-0.718135
0.00896222
0.388918
0.171395
0.406401
-0.553629
0.0284588
1.26101
1.99762
1.72635
1.34119
1.41287
-0.522413
-1.06662
-0.427396
-0.212225
0.308609
0.0372887
0.450159
-1.42192
-0.972469
-0.34087
0.0981699
-0.119652
-0.0921737
0.0937828
0.196018
-0.153135
0.443926
-0.57703
-0.486066
-0.19711
-0.814826
-0.142779
0.630489
-0.36444
-0.0322573
0.452009
0.535713
0.308108
0.469892
-0.613239
0.112091
-0.326911
-0.746718
-0.462777
-0.37463
0.186747
-0.674793
0.222274
1.12012
0.113289
-0.40371
0.0924399
0.122151
0.117698
-0.105577
-1.13951
-0.571756
-0.190261
-0.525512
-0.281427
0.114878
0.319952
0.0752111
0.130501
0.609394
-0.779782
0.756404
-0.292206
-0.468913
1.0713
0.301713
-0.015984
-0.0352131
1.14433
0.673733
1.31112
-0.231515
1.34035
-0.804199
-0.217624
0.624948
0.367971
0.71038
0.933596
-0.0128794
0.359907
0.38097
1.13382
1.00319
0.595357
-0.407461
-0.571346
-0.737573
-0.514503
0.394146
-0.0833199
0.29846
-0.122411
-0.191674
0.32609
0.0939981
0.777683
-0.234134
-0.496847
-0.268747
0.329356
-0.428033
-0.13926
0.607111
0.696179
-1.01188
0.627513
0.240973
0.51661
0.811855
1.43218
1.06469
0.614177
0.00987221
-0.368417
-0.793213
-0.846882
-1.27408
-0.295776
0.340517
-0.651842
-0.81902
-0.289428
-0.316599
-1.18959
-0.0620199
-0.262021
0.231899
0.0270207
0.600514
0.863777
0.65789
0.265505
0.117889
0.47932
-0.142555
0.783124
0.210755
-0.249773
0.342817
0.0631472
-0.497904
0.602025
-0.100199
0.351042
2.30854
0.480738
-0.427902
-0.304232
0.0604826
-0.126817
-0.541057
-0.204366
-0.644533
0.241327
-0.681785
-0.707572
0.576693
1.64198
0.681971
0.703047
0.337933
-0.441758
0.346133
0.278045
0.581951
0.142495
0.781561
0.0421448
0.119276
1.18782
0.0410605
-0.388567
-0.780313
1.00403
0.260711
-0.337248
0.0354591
-0.633502
-0.913096
-0.279013
1.33587
1.06841
-0.208014
0.182821
-0.430644
-0.139362
0.275268
-0.509158
-1.36511
-1.28895
-0.135335
-0.103812
-0.08644
-0.0129621
-0.984613
-0.323736
0.0232252
-0.153225
-0.86921
0.550977
1.10074
2.30209
1.19569
0.0320994
-1.3851
0.381897
0.398298
1.1134
0.513485
-0.317439
0.965108
0.665506
0.747878
0.119787
-1.09758
-0.18267
0.391058
0.808017
0.204183
1.14101
1.77003
-0.0537365
-0.128757
0.206891
0.0013312
-1.19248
-1.56545
-0.513924
0.0803367
0.00178445
-0.897276
-0.802823
0.0737167
0.65357
0.609844
0.0707409
-0.494718
-0.335541
0.257465
1.3591
-0.00911979
0.171187
-0.0480216
-0.469196
0.220118
-0.136255
-0.640888
-0.559286
-0.163653
0.0667644
0.508801
0.812766
0.804852
0.158164
0.50482
-0.164901
-0.644441
-1.05588
-1.21587
-0.248393
0.306421
0.0962108
-0.0180814
0.905995
-0.791685
0.200843
0.166847
0.994469
0.654115
0.41829
-0.295508
-0.215233
0.869062
-0.672267
0.115457
-0.575419
-0.437686
0.580058
-0.898167
-0.894389
-0.614781
-0.203197
0.127577
-0.11196
0.805478
0.206855
-0.0197557
0.14684
0.563862
-1.54891
0.253459
0.145503
1.61618
-0.138701
0.257685
0.344098
-0.720586
-0.990369
-0.394213
-0.812154
1.13523
-0.171216
0.432378
-0.138848
1.20341
1.52638
0.62105
0.240164
0.49447
0.683607
0.487652
-0.260706
0.768065
0.165915
-0.636209
-0.440131
-0.292212
-0.311072
-0.760274
-0.273144
-0.846942
-0.710307
-0.0698957
-0.496453
-0.302828
-0.438171
-0.215838
-1.04734
0.959091
0.693577
0.670622
0.714113
-0.152271
-1.0175
1.64238
-0.0303603
-0.217196
0.455822
0.418254
-0.19505
0.142399
0.103866
1.12827
1.0817
0.303993
-0.704002
0.564206
0.574293
0.288702
-0.204741
-0.171853
-0.607645
-0.3428
-1.09696
0.30631
0.843785
1.23258
0.0926635
0.625731
1.87531
0.937688
1.43991
0.124738
0.710332
1.04002
0.565749
0.372335
0.0286183
0.52218
0.15547
-0.184709
-0.264651
-0.987613
-0.142298
1.17138
1.08768
0.499783
0.684802
0.0646958
0.564817
0.413819
0.0821882
-0.628707
-0.690947
-0.484768
0.597443
-0.549409
-1.13905
-1.07246
-0.235782
0.847171
1.913
1.60224
-0.101106
0.719506
0.0895145
-0.23236
0.510185
0.787587
0.283098
0.26604
-0.101217
0.850454
0.586279
1.29999
1.38709
0.635937
0.449489
-0.529132
-0.0366226
0.560946
0.381704
0.152195
0.99455
1.10826
0.792459
1.64869
0.69607
0.0811272
-0.169629
0.119536
-0.0634941
0.300241
1.4255
-1.35559
-0.577563
0.0857548
-0.11697
-0.975613
-0.73644
1.40799
0.855619
0.202849
-0.166969
-1.08814
0.0082542
-0.808065
1.0988
0.773821
-1.37965
-1.49466
-0.317396
-0.495112
-1.63141
0.812912
-0.72821
-1.5506
0.49293
1.18682
0.623242
0.029052
0.518623
-0.268819
0.386172
-0.529216
-0.405883
-0.946732
-0.0129696
0.406341
0.76751
0.461852
-0.679092
-0.125576
0.846432
0.733617
-0.258281
-0.6224
-0.731923
-0.0440631
0.85559
0.551108
0.291326
0.0117011
-0.107133
0.578621
0.324229
0.141237
-0.223456
0.0971756
0.0176406
-0.518529
-0.940109
-0.746645
-0.355732
0.116729
0.226214
1.07124
0.201092
-0.836232
-0.314919
0.0479783
0.067587
-0.0140499
0.456398
0.164102
0.0361487
1.05488
1.02858
0.547426
0.591754
0.807672
-0.418581
-0.644546
-0.414489
0.886881
0.169074
0.11884
-0.00510654
-0.989408
0.304676
-0.459228
0.708322
1.5829
0.695498
0.405482
0.445939
0.433049
1.00236
0.266905
0.134406
0.572417
0.285859
-0.691039
0.181882
0.466593
0.762748
-0.388098
0.813347
-0.0157475
-0.810748
0.659061
0.36962
-0.085095
0.175658
0.117323
0.612199
0.0496288
0.166065
-1.1044
-0.547524
-0.673559
-0.18254
0.772875
-0.230881
-0.299757
-0.103474
0.353936
0.531706
0.808483
0.144174
-0.092354
0.189384
-0.83218
0.0916154
-0.34499
-0.551456
0.0890853
-0.305735
-0.465529
-0.697661
-1.15304
0.111255
-0.581614
0.244155
0.0585028
-0.3346
-0.244908
-0.168526
-0.276345
-0.0464555
-0.0998954
-0.697698
-0.193825
0.101343
0.362071
-0.414218
-0.395152
0.869247
1.48121
1.12419
-0.0422084
0.325079
0.602377
1.29117
0.0996275
0.495478
1.00456
-0.259663
0.647142
-0.00303971
0.230427
0.517419
-0.0740331
0.337657
0.0265138
-0.593325
-0.606358
-0.349904
-0.0948652
0.228005
0.356696
-0.145307
0.818426
0.707518
-1.32899
-0.42027
-0.0189123
0.141118
0.214466
0.477971
0.104129
0.95345
-0.118211
-1.4916
-0.210762
1.24871
0.810718
0.0658326
-0.584406
-1.42847
-1.52333
-1.16216
0.110042
0.144942
-0.36123
-0.512347
-0.0654419
-0.740413
0.605306
-0.155982
0.242701
-1.13627
-0.62238
-0.717649
0.881272
0.888494
0.754812
0.752553
0.0209561
-0.407819
-0.0601584
-0.473948
-0.229925
0.420059
-0.660617
-0.297045
-0.442949
0.396608
0.727773
0.105663
-0.632606
-0.764843
-0.124351
-0.367462
-0.764132
-0.712538
0.739589
0.526602
-0.620714
-0.0271824
0.183558
-1.84971
-1.36843
0.969159
0.11551
0.136905
1.0652
0.201509
-0.771628
-1.09689
0.43877
0.430731
0.102639
0.0230169
0.666456
0.694011
0.170184
-0.460097
-1.03965
-0.286079
-1.10936
-0.83389
-0.566801
0.405097
0.415583
-0.232475
-1.05812
-0.282683
0.0244537
0.240407
0.475892
0.807947
0.53024
-0.133724
-0.048786
0.586009
-0.513339
-0.452166
0.432696
0.700953
0.224187
-0.201019
-0.857686
-0.292188
-0.451207
-0.740113
0.404252
-0.487948
0.0369942
0.0236896
-0.0760505
0.300191
-0.170058
0.279661
-0.757482
-1.01428
-0.561614
-0.448297
-1.34996
-1.26706
-2.11406
-1.36916
-0.50469
-2.17459
0.0156021
-1.06634
-1.56146
-0.404653
-0.30675
0.158765
-0.556223
-0.531846
-0.855117
0.150421
-0.971868
-0.751393
-0.0224196
0.162021
-1.1895
-1.62594
-0.639863
0.0810775
0.785834
0.0228349
-0.584014
-0.144571
0.122632
-1.21946
-1.28519
-0.178299
-0.386852
0.126558
0.0136594
1.03223
-0.807448
-0.382621
0.0451654
-0.833199
-0.987228
-0.052017
0.877042
0.438207
-0.240733
-0.655119
1.3571
0.430997
-0.170166
0.535386
-1.0987
-0.422291
-0.156102
0.322898
1.51699
-0.208209
0.45306
0.585737
-0.217509
-0.566873
-0.451598
-0.35795
1.22479
0.234401
0.365245
0.460924
-0.755081
-1.48028
0.783775
0.328812
-0.122071
0.364003
1.02418
0.454039
-1.41988
-0.57947
0.215484
0.705621
0.253554
-0.0379085
-0.223551
0.565186
-0.617127
-0.311432
-0.67039
-0.333347
0.483721
1.39999
0.016149
0.855532
0.533913
0.320917
0.1122
0.0584466
-1.07071
-0.917871
-0.302046
-0.42083
0.339245
1.16104
0.335496
0.838784
0.742679
1.0057
1.21741
0.526027
-0.978771
0.135052
-1.57504
-0.0783263
0.168738
0.146007
0.862587
-0.388838
-0.662984
-0.436896
0.927738
0.665258
-0.829918
-1.19731
-0.329315
-0.166349
-0.305762
-0.922967
-1.17606
-0.39551
0.51225
-0.476266
-0.504986
-0.30047
-0.373989
-1.08965
0.138869
-1.73544
-0.587047
0.402257
-0.0534978
0.164661
0.870169
1.64392
0.501342
-0.506115
-0.139576
0.168849
0.664033
1.26375
0.816928
-0.143706
0.112083
0.465766
-0.463348
0.373219
-0.64616
-0.45971
0.232516
-0.117979
0.0477046
0.753219
1.02318
1.36793
0.439756
1.40847
0.784082
-0.120895
-0.268476
0.224535
0.486006
0.126237
-1.23168
0.17243
-0.322044
0.117303
-0.632612
-1.04026
-1.36888
-0.301297
-0.0347156
-0.770352
0.874346
-0.0791769
0.283186
0.553444
0.301384
0.278923
0.101814
0.144052
0.410217
0.43033
-0.170135
-1.2963
-0.99622
-0.791729
-1.01133
-0.19555
0.443515
-0.522499
0.263793
0.55345
-0.326652
0.374563
-0.145418
-0.770745
-0.466225
0.222171
-0.00281273
0.0762517
0.0554651
-0.508583
-0.652647
-0.884192
0.270842
0.262269
1.07967
-0.0595182
0.0939396
-0.32375
