-0.237517
-0.174831
-0.576001
0.619175
1.05853
0.647495
0.450666
0.901936
0.367697
-0.817652
0.39754
-0.665258
-0.769924
-0.668551
-0.466172
-0.153903
-0.0848461
-0.481253
-0.87061
-0.391509
0.904347
1.49466
1.07342
0.190059
0.613711
-0.290859
0.185896
0.245265
0.605906
1.65464
-0.103173
-0.615934
-0.755949
-0.613087
0.213751
-0.35697
0.0751819
-0.124569
0.866305
0.0428758
-0.327637
-0.996947
-0.891505
0.385884
0.194872
0.332606
0.0104191
-0.342654
-0.800889
-1.2488
-1.09147
-0.7672
-0.443025
-0.434546
-0.323915
-0.522007
-0.804651
-0.303032
0.0137822
-0.380068
-1.27245
-0.720151
0.812921
0.207052
-0.305361
-0.878359
-1.0661
-0.636603
-0.140815
-0.0503283
0.375435
0.633433
0.74587
0.373962
-0.688873
-0.337363
-0.401289
0.0512502
0.506261
0.365302
0.862764
0.336589
0.532208
0.698183
0.925994
0.914799
0.920236
0.580345
0.455826
0.403475
0.706615
0.605485
-0.112442
0.507972
0.401274
0.482364
0.172486
0.179145
0.188236
0.597664
-0.366251
-0.141064
0.0352278
-0.763334
-0.740004
0.358243
0.304191
-0.32836
0.334083
0.496537
-1.23757
-0.458207
-0.250353
-0.171223
-0.525123
-0.0388236
-0.493505
-0.0886849
-1.1521
-0.944838
0.107856
-0.750716
-1.48037
-1.34273
-0.520979
0.627692
0.350514
1.04102
0.866294
0.129615
0.339317
-0.437261
0.504901
0.177598
-0.752867
-0.3211
-0.806248
-0.670004
0.266894
0.0840063
0.121653
-0.207396
0.109859
0.216556
-0.819625
-0.322793
0.00505036
1.26044
0.46592
0.409832
0.107047
-0.494615
-0.471568
0.0191539
0.600049
0.842251
0.801509
0.552233
0.948497
1.05329
-0.286264
-0.768844
-0.128583
0.571124
0.618181
-0.401837
-0.233369
-0.662475
-0.139504
0.0706872
0.225273
-0.0496042
1.10356
0.139991
0.412724
0.143545
0.39099
0.0796744
0.0720792
0.481783
-0.274148
0.544421
0.496587
-0.466681
-0.266939
-0.212715
-0.521095
-0.645743
0.828408
-0.0730733
-0.841164
-0.0777178
-0.322731
0.531269
0.613342
-0.472623
-1.2082
-1.16798
-1.41151
-0.680043
-0.512034
-0.0169523
0.259749
0.184373
1.13763
0.87003
1.12716
0.536302
0.29742
-0.150641
0.374627
0.338584
-0.18029
-0.633678
0.0798039
-0.115934
-0.342483
0.104939
0.503091
-0.0262976
-0.144391
-0.268292
-0.765731
-0.589805
-0.666266
-0.987385
-0.815284
-0.528698
-0.247451
-0.426784
-0.324353
-0.311146
0.165722
-0.363787
-0.562429
-0.915476
-0.302229
-0.602154
-0.982205
-0.978511
-0.098455
-0.149284
0.395174
-0.378362
-0.217651
-0.71194
-0.204189
0.559892
0.55658
0.461222
-0.0456446
0.134589
0.335972
1.39911
0.45096
-0.300174
-0.193398
-0.747447
0.202143
0.502801
-0.655087
-0.339914
-0.119696
0.690244
-0.237974
-0.069794
-0.797539
-0.995855
-0.882471
-0.781077
0.137049
0.709519
0.175225
0.139668
-0.272856
-0.329807
-0.0852068
0.0641695
1.12812
0.388231
0.751309
0.956705
0.392389
0.532971
-0.244178
-0.320224
-0.532361
-0.220495
-0.328527
-0.243234
-0.603671
0.294197
-0.555623
-0.650863
0.103
0.500196
-0.834822
-0.849903
-1.06305
-0.865927
-0.576102
-1.2956
-0.335877
-0.307081
-0.37687
-0.658085
-0.988845
-0.0506866
0.536511
0.479766
0.0751563
-0.0148234
-0.522435
-0.166826
0.181604
-0.508447
-1.29835
-1.13641
-0.674671
-0.311863
-1.07788
-0.523291
-0.327278
0.110865
-0.713449
-0.506136
-0.354048
-0.272349
-0.662857
-0.130949
0.482854
-0.266392
-0.363452
0.602171
1.2432
1.2339
0.953845
0.7179
0.428508
1.21101
-0.192567
0.0991332
-0.36229
-0.166256
-0.625469
-0.319403
0.0298929
-0.388576
-0.328503
-0.0724628
0.942471
0.2436
-0.0333409
-0.62759
-0.41204
-0.624078
0.158052
0.0897167
0.681897
0.523499
-0.690129
-0.468517
-0.486342
-0.143211
-0.178132
-0.796664
-1.62788
-1.28503
-0.489437
-0.412148
-0.420029
0.296229
-0.0884796
-0.486642
-0.499777
-1.26764
-0.813498
-0.36179
0.640171
0.111546
-1.0626
-1.28759
-1.11266
-1.11337
-0.694029
0.0123207
-0.344222
-0.666989
0.434214
0.337684
-0.604264
-0.746175
-0.500458
-0.299265
-0.228683
0.260229
-0.212551
-0.352481
-0.481672
-0.556553
-0.567402
-2.38053
-1.44429
-1.05327
-0.414554
-0.0639802
-0.402745
0.264659
0.110769
0.124791
0.748607
0.542123
1.18413
1.12617
0.675234
0.439287
0.524119
1.37949
0.767325
0.890361
-0.0341211
0.367847
0.331125
0.330743
0.377287
-0.967977
-0.176762
-0.345914
-0.294218
-0.457861
-0.956512
-0.215282
-0.292615
0.355794
-0.0322211
-0.0651525
0.0727494
-0.554397
-0.676052
-0.569685
0.0396105
-0.108123
-0.127714
-0.105617
-0.0896038
0.181689
0.00242548
1.28078
0.631744
0.567752
-0.374718
-0.322925
0.0869995
-0.29978
-0.723453
-0.340079
-0.266871
0.13888
-0.146069
-0.747561
0.502489
0.126902
0.695798
1.2207
0.561172
1.11365
0.693474
-0.331992
-0.22637
-0.549482
-1.09212
-1.00361
-0.944434
-0.226263
-0.279682
0.202415
0.288912
0.0708505
-0.608595
-0.82106
1.47954
1.04532
1.15033
0.727579
0.592826
0.350623
0.0238995
1.12713
0.548558
0.810051
0.140831
0.473671
0.679909
0.495009
-0.181518
0.306745
-0.408584
-0.522645
-0.521326
-0.306157
0.324864
0.00848037
0.455405
1.2014
0.0039196
-0.308042
0.40139
0.647719
0.49211
-0.244066
-0.213882
-0.433533
-0.152624
0.0817338
0.917423
0.758621
-0.145094
0.335721
-0.0578009
0.165045
-1.43117
-0.948104
-0.225834
-0.311393
-0.121114
0.158305
0.4825
-0.168499
0.0846341
0.139186
0.0541995
-0.626464
-0.156004
0.273922
0.530041
0.715055
0.515059
1.04254
0.165288
0.718802
-0.0533882
0.565492
0.95811
1.16008
0.196359
-0.0744023
-0.249677
-0.0307781
0.388157
0.327645
-0.830759
0.364028
0.156055
-0.634325
0.0327734
0.341714
0.237559
0.196529
0.577575
-0.893638
0.2592
-0.360404
0.177985
0.127913
0.0161422
0.94544
0.317923
-0.561885
-0.398123
-0.183981
-0.563927
0.364157
1.00136
0.0235226
-0.324403
-0.0920481
0.164526
0.559263
-0.570549
-0.509257
0.161606
-0.242886
-0.603074
-0.490407
-0.810004
-0.44638
-0.0723778
-0.297716
0.0160087
0.480411
-1.57874
-1.88962
-1.66757
-0.993186
-1.01373
-0.181187
-0.610421
-0.736321
-0.447694
-0.648515
1.18634
0.838518
0.147612
0.27319
0.617803
0.593216
0.264148
-0.230796
0.115846
0.325809
-0.406174
-0.522687
0.0386181
0.224901
0.836581
1.1145
-0.0692206
-0.726442
-0.593589
-0.397522
0.230305
0.063467
-0.0214954
-0.759545
0.0104777
0.127096
-0.147849
0.307478
0.485382
-0.386743
-0.279872
-0.143272
-1.03677
-0.521862
0.0238191
0.604542
0.445913
0.766651
0.642198
0.0352722
0.618397
-0.333375
-0.191778
-0.712138
0.332248
0.167869
0.307213
0.200548
0.211646
0.358619
0.904465
0.212269
-0.26322
0.051383
1.31053
0.972896
0.712901
0.862093
1.30252
1.31023
0.608051
0.560544
1.12341
0.561927
-0.441097
-0.279422
1.26664
0.71132
-0.234958
0.129813
0.715228
1.11103
0.818715
0.760552
0.642482
-0.0258075
-0.0660642
0.1745
0.491484
-0.467711
0.417428
-0.186924
-1.11952
-1.51142
-0.67102
-0.648442
-0.986601
-1.18706
-0.529344
-0.361757
-0.352809
-0.261135
-0.284268
-0.156704
-0.394737
-0.508693
0.562132
0.491228
-0.188243
0.580367
-0.882451
-0.314011
-1.04896
-1.00357
-0.146328
0.172335
-0.690925
-1.30919
-1.4259
-1.22261
-0.951499
-1.21767
-1.28974
-0.761359
-0.0279809
0.152515
-0.623663
-0.482042
-0.0351195
-0.263622
0.835059
1.01083
0.392232
-0.403428
-0.0175108
-1.28171
-1.27331
-0.926523
-0.239117
0.345278
-0.287292
-0.113731
-0.310322
0.400082
-0.75657
-1.00279
-0.859466
-0.417522
-1.63793
-0.607963
-0.477905
-1.06352
-0.0094357
-0.00268821
0.852668
1.05546
0.42247
0.56646
1.09939
1.49786
-0.498451
0.0717803
0.5882
-0.292492
-0.131862
0.500334
-0.00600722
0.229571
-0.489862
-0.312292
-0.199741
-0.384851
-0.841614
-0.787834
0.562192
-0.365765
-0.247193
-0.890616
-0.198961
-0.155189
-1.31223
-1.04789
-0.292593
-0.197175
0.116949
-0.0856636
-0.0587812
-0.869289
-0.995166
-1.47648
0.364467
0.393097
-0.569317
-1.09987
-1.29496
0.112788
-0.0654018
0.882329
-0.0208601
0.883673
-1.49564
-1.49707
-0.885067
-0.157624
-0.29412
-0.691978
-0.477876
-1.46703
-1.63359
-1.9057
-0.388087
-0.254469
0.358546
0.964532
0.615268
0.276597
-0.552776
-0.491085
-0.662906
-0.489622
-1.13413
-0.603991
-1.05612
-1.001
-0.510076
-0.321341
-0.110995
-0.289526
-1.44278
-1.28068
0.0202499
0.467236
0.597328
0.515986
0.256973
0.772223
0.822781
1.3885
0.640151
1.16819
0.579209
0.441573
-0.191818
0.238567
-0.128614
-0.0736589
-0.449637
0.102112
0.604881
-0.0789293
-0.261223
-0.496674
-0.0964238
-0.563786
-0.581229
-0.570295
-0.68125
0.312157
0.209576
0.158509
-0.297126
0.193455
0.47283
0.317436
0.133243
0.0387692
-0.0259583
0.1365
0.172103
0.0800966
-0.782689
0.398694
-0.0327305
0.477722
-0.0685072
-0.046876
-0.0990647
-0.036624
-0.00476955
-0.118491
0.797903
0.549937
0.747879
0.421102
0.552803
1.25262
0.484899
1.01266
0.319854
0.754306
0.484595
0.564062
-0.171462
-0.479742
0.0768059
-0.733128
0.0359629
-0.599854
-0.613539
0.586409
-0.649755
-1.14781
0.657342
-0.553148
-0.680852
-0.530053
-0.441749
-1.05941
-1.25284
-1.4369
0.783125
0.0661612
-0.488224
0.771808
0.0364722
0.338626
-0.495649
0.120965
0.287423
0.142455
-0.236778
0.0561685
-0.192282
0.585047
-0.285441
-0.446832
0.655093
0.144587
0.344943
-0.1695
-0.760961
-0.190019
-1.00713
-0.257618
0.315268
0.753756
0.725264
1.2276
0.788406
-0.056321
0.578168
0.704541
0.305007
0.314251
0.392768
-0.26356
-0.153106
0.654285
1.11458
0.83894
-0.701038
-0.636243
-0.246498
-0.852836
-0.969201
0.581213
0.40677
0.0499693
-0.279467
-0.365068
0.803055
0.62731
0.554159
0.501603
0.33652
-0.254484
-0.104087
0.618993
0.35709
0.67928
-0.559806
-0.558175
0.511437
1.03506
1.08614
0.831698
0.562583
0.259039
-0.19416
-0.228061
1.00143
1.34508
0.765286
-0.386243
0.5789
0.331974
0.434197
0.525293
0.631986
0.719866
-0.272395
0.0540696
-0.213836
0.33439
-0.315705
0.638382
0.619861
0.323563
0.533837
0.0388196
0.0565419
0.125619
-0.0296069
0.837015
0.930111
0.877655
0.095396
-0.0338101
-0.50159
-0.335425
