0.0358076
0.510321
0.999355
0.217086
1.20058
0.552124
0.261304
1.10199
1.44591
1.16827
-1.32312
-0.676505
-0.795936
-1.13245
-1.54822
-0.895313
-0.642622
-1.38267
-0.503552
-0.845044
1.51518
1.46567
0.288144
-0.200053
-0.439104
-0.0871887
-0.00247461
0.956258
0.82322
0.620012
0.735467
-0.0527701
-0.207263
-0.331443
0.212912
0.0312777
0.609404
0.0796585
2.60253
1.53361
-0.834176
0.344454
-0.234379
0.41036
-0.401847
-0.928748
0.361607
-0.195413
-0.212022
0.00997785
-0.867137
-0.280055
-0.333012
-0.361396
-0.546173
-0.737337
-0.2616
-1.26882
-0.603509
-0.158774
-0.102857
0.0730013
0.304255
0.590593
-0.049874
-0.800946
-0.183549
-0.510739
-0.260796
0.441989
1.38439
0.0953019
1.18557
1.42193
0.438467
-0.00604376
0.0560424
-0.252103
0.101687
1.34161
-0.468837
-0.826098
-0.741409
-0.391034
-0.0160986
-0.5422
0.842955
-0.904007
0.181314
-0.984194
0.940452
-0.389273
0.548603
0.103928
0.781261
0.858688
0.440933
0.250681
0.516275
0.720779
-0.368997
-1.07749
0.414643
-0.787261
-0.644156
-0.706928
-0.273519
0.677956
-0.781525
0.448558
0.874821
0.267894
0.645416
0.618057
0.294764
-0.091029
-0.591553
-0.0969292
0.94131
-0.17944
0.30399
0.721796
1.07681
0.940592
0.299462
0.306491
-0.222432
-0.464719
-1.38726
-0.861974
0.00157291
1.26648
0.116668
0.479065
0.618716
1.08134
0.441975
0.832627
0.409173
-0.259698
0.207312
1.48257
0.824078
-0.00759531
-0.0893714
0.892581
0.0919882
0.44227
0.434427
0.0316607
-0.738623
-0.0440727
0.457335
0.0851029
0.0137289
-0.653181
0.0559249
0.456703
0.387924
-0.90264
-0.598056
-0.655813
1.04981
-0.482549
-1.35986
-1.05878
-0.645565
0.252602
-0.609506
-0.225522
0.357776
0.691566
-0.497812
-0.796892
-0.496163
-0.230861
0.724895
0.729526
-0.288662
1.13032
-1.22955
-0.693568
-0.4758
0.172783
-0.418206
-0.725491
-0.289836
0.109407
0.533961
0.0600812
0.365297
0.892663
0.16941
0.243115
1.19308
-0.179059
0.518289
0.226313
-0.00348967
0.946593
1.27711
0.338517
0.508505
-1.14993
0.466444
-0.187349
-0.718153
-1.45655
0.142625
0.747146
-0.231594
0.0669481
0.801056
1.40983
0.74814
-0.119649
0.197532
0.31584
0.0724528
0.341075
-0.0208589
-0.782528
0.613157
-0.0900788
0.31589
-0.721121
-0.321638
-0.570386
-0.687934
-0.422872
-0.36414
0.195388
-0.317582
-0.138385
0.395377
1.32453
-0.00134828
0.0193971
-0.184506
-0.231546
-0.0476814
0.10688
-0.558825
-0.337826
0.21882
-0.358917
-0.722332
0.456543
-0.635359
-0.501094
-0.376365
0.478805
-0.24382
0.0936583
-0.191754
-0.556789
0.415294
-0.960851
-1.2719
-0.0545813
-1.21823
-1.34487
-0.0217256
-0.201158
-0.748975
0.311062
0.281787
0.442894
0.622644
-1.10872
-0.345787
-0.0550835
0.171555
0.551362
0.458027
1.55075
1.8393
1.44619
0.975474
-0.0210092
0.119039
-0.593495
0.744219
0.589384
0.257381
-0.428011
0.643725
-0.0224295
0.362381
-0.299139
0.631383
0.998435
0.567663
0.741203
-0.0129007
-0.230564
-0.33963
-1.38912
-1.24817
-0.343036
0.117918
-0.623425
0.678896
0.177124
0.978593
0.804621
-0.307404
0.434999
-0.272941
-0.259198
-0.344666
-0.575724
-0.676621
-0.961515
-1.68321
-0.411699
0.113086
0.339627
0.0100263
-1.01022
-0.77636
-0.316241
-0.327201
-0.482557
-0.871916
0.0304691
-1.35361
-1.31343
-1.25894
-1.68529
0.250251
-0.66525
-0.0403348
0.4192
0.475621
0.343415
0.150852
0.352996
0.190986
0.37828
-0.0962843
-0.397193
0.0864576
-0.271409
-1.191
-0.977368
-1.01501
-0.754058
-0.162579
0.564369
1.02937
0.65336
0.447826
0.47297
-0.601118
0.443021
0.728001
0.268375
1.24973
0.444589
-0.149786
0.321889
1.13348
0.834073
0.0448952
-0.470755
-0.488925
0.794802
1.07188
0.450176
1.22198
1.11155
1.2944
1.84456
0.831711
-0.00647006
-0.720098
-0.937876
-0.264032
0.13366
0.420226
-0.334751
-0.599149
-1.82731
-0.930445
-0.0142482
0.663907
1.69369
0.177481
0.343951
-0.627174
0.570277
-0.113012
-0.559594
0.0392648
1.00662
1.46507
0.977482
1.15709
0.175764
1.66041
1.76779
0.967151
0.540038
-0.352767
0.0160116
-1.31636
0.973066
1.17389
1.2943
0.48526
0.293026
-0.352269
0.0312905
0.710401
0.0203501
0.223533
0.794365
-0.285766
-0.147043
0.263993
0.631539
0.566279
0.472452
-0.102527
-0.871721
-0.430576
0.163798
0.557133
-0.0704517
0.596953
1.47869
1.92493
0.757622
0.81441
-0.731752
-0.385429
-0.501408
0.62251
1.3655
1.13064
0.72438
0.493893
-0.287381
-0.563573
-0.30091
0.692943
-0.443914
0.544371
1.28852
0.0828765
-0.292615
-0.122336
-0.45458
0.0599197
-0.313853
0.241228
0.440722
0.110748
-0.557906
-0.253243
0.31468
-0.189695
0.548964
0.195057
0.989066
-0.0599358
-0.564666
-0.8916
-0.891126
0.0666135
-0.179033
-0.0982938
-0.870672
0.858552
0.248791
0.205491
-0.238707
-0.622402
-1.38026
-0.190702
0.641799
0.457842
0.643198
-0.101345
-0.348018
-0.931562
-1.10246
-1.40595
-0.943324
0.0748011
-0.3569
-1.54517
-0.875825
-0.284129
0.294217
-0.145671
-0.213993
0.011321
1.16213
-0.185319
-1.9884
-1.47734
-0.882368
0.229845
-0.501441
-0.630717
0.89294
0.317923
-0.0520112
0.481887
-0.298348
0.497499
0.105396
0.821409
-0.226715
0.369018
0.173507
0.0180472
-0.0591605
-0.196896
0.0315318
-0.893922
-0.179008
-0.490712
-0.992837
0.0726284
1.0199
0.613261
0.913976
-0.0989568
1.88217
0.259277
-0.154883
-0.301719
-0.812642
0.374499
-0.280974
-0.166936
-0.0951644
0.328583
0.51414
1.06109
0.201576
-0.133583
1.35876
0.197032
0.114258
0.54801
-0.0249304
-0.00598916
0.390531
0.73057
-0.884779
-0.607674
-0.343295
-0.734013
0.69528
0.386617
0.290617
-0.296571
0.267544
-0.258384
0.586067
-0.747574
-0.411754
-0.577533
-1.06788
-0.510616
-0.862109
-0.909451
-0.411242
-0.201131
0.829851
0.591879
-0.231728
0.585703
0.438349
-0.564896
-0.381296
0.204137
0.231186
0.388639
-1.58115
-0.7485
-0.0139781
-0.357455
-0.602752
-0.56696
0.623
0.200856
-0.565514
0.299373
-0.050165
0.0494209
0.492523
0.445493
1.06113
-0.131399
-0.256872
-0.133865
-0.852264
-0.0442853
-0.85326
0.134655
0.503098
0.221848
-0.565804
-0.791905
0.185901
0.365311
0.200185
0.115182
-0.620486
0.676428
0.464723
0.329379
-0.116881
-0.40522
-0.279027
-1.28145
-0.641359
-0.79124
0.666377
1.4293
0.619826
-0.39712
0.18633
-0.197425
-0.935614
-0.772768
-0.947022
-0.31191
0.757099
0.31485
-0.0264209
-0.212972
-0.399219
-0.367525
-0.460763
0.831461
0.893414
0.42118
-0.875209
-0.0239555
-0.0615716
0.318492
1.33216
0.989661
0.359191
0.314453
0.34136
0.798093
0.779328
-0.262632
-0.315624
-0.151167
0.584768
1.51487
0.675611
0.38124
0.0272207
0.336805
-0.341959
-0.333833
0.375002
0.517839
0.833937
1.14423
1.32536
-0.654238
-0.270534
0.364451
-0.362436
-0.280156
-0.36988
-0.502532
-0.443017
0.356096
1.00025
0.698124
-0.365911
0.256696
0.354409
0.212819
0.715306
2.19601
0.369465
0.125866
0.903559
0.828093
0.576161
1.42084
1.15378
0.510855
-0.0683905
0.373823
-0.401799
0.72845
0.096756
-0.20323
0.653317
0.854974
-0.318171
0.513403
-0.318782
-0.0048106
0.0140912
0.1508
-0.385996
0.0155318
1.05371
0.0868434
0.182425
-0.974112
-0.35972
0.155267
-0.477441
-0.00605798
-0.227454
-1.1815
0.77797
0.835162
0.896524
0.17578
0.042952
0.334437
0.50965
-0.118161
-1.00252
-0.423752
-0.758543
-0.263652
-0.332567
-0.351872
-1.11862
-1.3267
-0.0876473
0.572431
0.764436
1.05433
-0.029642
-0.195023
-0.763172
0.0576129
0.464732
-0.234674
-0.120824
0.0230163
1.10383
0.374102
0.067802
0.410291
0.107915
1.1621
0.289565
0.273144
0.102202
0.339206
0.430957
0.513682
-0.277076
-1.12978
-1.19527
-0.215212
0.942048
0.798946
0.0822663
0.785133
0.706497
-0.0393299
-0.655359
-1.20467
-0.994193
-1.1393
-0.590931
-0.686676
-0.101912
0.163587
0.899816
-0.168379
-0.0246813
-0.749364
0.0628454
0.195523
0.0227346
0.0592798
-0.611554
-0.183978
-0.332185
0.466146
0.710353
0.227995
-0.60607
0.984713
2.84316e-05
-0.00291612
-0.179102
-0.62016
0.306836
-0.781047
-1.11801
-0.50203
-0.178168
-0.00896136
-0.909914
0.32655
0.0942171
-0.00997481
0.151322
-0.204137
-0.498534
-0.794841
-0.846153
0.292163
-0.0267278
-0.57314
-0.285461
-0.692715
-1.38626
-1.37584
-1.19446
-1.04192
-0.600812
0.0496432
-0.534436
-1.17183
-0.42391
-0.620103
-1.04143
0.475851
0.625165
1.53446
0.78588
0.39103
1.27232
0.664835
-0.0489139
0.412302
0.822671
0.24171
0.550591
0.367435
-0.00409823
-0.0214926
0.93196
0.331659
2.00124
0.824612
0.00763955
1.33783
0.129779
0.0858503
-0.267582
-0.467613
-0.580144
-1.21284
-1.11285
-1.24803
0.846553
0.581482
-0.263614
0.133464
0.24025
-1.31505
-0.0854186
0.575449
0.0373869
-0.627803
0.014635
0.164182
0.32393
-0.657215
-0.355712
0.0790248
-0.593086
-0.110314
-0.694145
-0.0255315
-0.95907
-0.170243
0.345928
0.0112747
0.256046
-0.766934
-0.716823
0.181848
-0.654168
0.0917842
1.00835
-0.521712
-1.42642
0.0712343
0.872434
-0.871086
0.532248
-0.0305631
-0.133323
-0.886945
-0.636508
0.440809
0.719565
0.105212
0.611072
-0.115668
0.0111987
0.757631
-0.302216
-0.498235
-0.263127
0.285235
-1.06848
0.118322
0.168359
-0.509021
-0.301769
1.0984
1.69396
1.44535
0.701977
0.136654
0.0563691
0.818246
-0.0899716
-0.680491
0.0168421
0.0858443
1.00171
0.528804
0.121475
0.796938
0.911763
-0.657368
0.324474
0.0521114
0.86053
0.68429
0.0600744
0.0146748
-0.501915
0.823425
0.378383
0.384772
1.03039
0.433394
0.846356
0.758077
0.544621
-0.0416515
0.356301
0.343856
0.517287
0.778779
-0.020663
-0.349988
-0.584739
0.283586
0.0156211
0.108537
0.548204
-0.627922
-0.196965
0.17532
-0.770082
-1.39345
-0.502012
-0.536281
-0.325343
0.178135
-1.35853
0.390312
1.47532
2.03291
0.820252
0.0359036
0.332505
0.10952
0.314775
-0.581836
0.778638
0.0683107
0.501027
0.00600791
0.229294
0.153249
0.0463835
-0.26347
-0.504078
0.444377
0.22919
0.648583
0.97175
-0.605709
-0.266917
0.188471
0.736522
0.408869
0.402474
1.11398
1.05929
