0.287045
0.381124
0.234067
0.138234
0.365795
0.216379
0.706839
0.544255
0.964072
0.584419
-0.140791
-0.361223
-0.0412286
-0.242289
-0.00652432
-0.212183
0.00681958
-0.00979864
0.167803
-0.0092496
0.212128
0.132958
0.483205
0.48766
0.216269
0.287546
0.218232
0.0536532
0.0317648
-0.218266
1.36396
1.45567
1.16204
0.940255
1.31126
1.39452
1.34484
1.255
1.41414
1.5601
1.69837
1.71061
1.74885
1.89059
1.91395
1.74813
2.13975
1.84972
1.63833
1.33718
2.28563
2.4288
2.35728
2.59618
2.52227
2.52627
2.35356
2.43935
2.41377
2.06051
1.40274
1.14678
1.18372
1.48365
1.21921
1.73261
1.70423
1.2391
1.46254
1.6239
0.105492
-0.156714
-0.0166588
-0.221501
0.291675
0.537453
0.483293
0.235122
0.388892
0.537667
1.08476
1.37303
1.13109
1.21428
1.43767
0.966681
1.18419
0.668586
0.549973
0.734221
2.90034
2.80172
2.88837
2.71596
2.80793
2.43981
2.4737
2.71327
3.025
3.30846
0.887819
0.695889
0.794586
0.799577
0.754779
0.699346
1.0476
0.74809
0.00566184
0.618902
0.537779
0.465458
0.49947
0.0218266
0.330935
0.550712
0.831468
0.546271
0.438332
0.653676
0.698758
0.41474
0.10227
0.274493
0.287354
0.110433
0.0880999
-0.0127682
0.463029
0.783226
-0.466493
-0.22501
-0.360571
-0.515491
-0.657803
-0.448344
-0.602435
-0.830404
-1.22324
-0.878949
-0.166901
-0.651336
-0.710331
-0.734938
-0.698139
-0.898015
-0.596321
-0.232351
-0.176934
-0.259427
0.19325
0.0057599
-0.136985
-0.306866
-0.161188
0.127067
-0.118231
-0.12105
-0.0727271
0.286227
-1.25689
-1.1527
-0.762646
-0.663845
-0.734138
-0.671145
-0.619435
-0.664042
-0.650956
-1.00747
-0.814356
-0.793865
-0.511729
-0.901104
-1.35656
-1.53797
-1.51776
-1.2483
-1.44075
-1.41436
-1.31706
-1.17054
-1.44316
-1.34625
-1.65479
-1.91398
-1.80574
-1.75611
-1.37924
-1.42848
-1.35488
-1.18572
-1.24938
-1.25757
-1.52838
-1.75805
-1.17962
-1.34319
-1.17483
-1.1897
-1.15569
-1.26334
-1.82737
-1.3889
-1.26862
-1.2211
-1.21913
-1.21229
-1.40959
-1.24691
-0.452048
0.0132465
0.611223
0.945
1.02166
1.0495
0.985057
0.612979
0.224006
-0.0706789
0.114742
0.242189
0.580863
0.589932
-0.0863004
0.0534976
-0.114708
-0.127926
-0.0964188
-0.261141
1.46042
0.950887
0.654379
0.856028
0.739446
0.954194
1.47764
1.5574
1.21471
1.30133
1.111
1.12126
1.00103
0.953883
0.577431
0.643441
0.562257
0.330101
0.758922
0.669258
1.00266
0.971851
0.814575
1.0601
0.576218
0.917453
0.47335
0.500991
0.484446
0.822043
-0.339108
-0.31725
-0.486887
-0.407786
-1.19873
-1.1072
-0.784676
-1.09876
-0.604276
-0.759335
-0.532925
-0.120689
-0.168757
-0.330018
-0.680264
-0.558778
-0.329365
-0.517644
-0.256039
-0.33169
1.77215
1.79761
1.52078
1.65017
2.01629
1.9113
2.06867
1.77161
1.858
1.79234
0.724355
0.649385
0.644147
0.635884
0.499606
0.459395
0.483536
0.563574
0.717074
1.04626
0.700173
0.837147
0.717233
0.717934
0.781609
0.615377
0.643733
0.39958
0.173214
0.625261
0.0965627
0.110592
0.265213
0.365797
0.293137
0.133152
0.017342
0.473798
0.259108
0.0505281
-0.182462
-0.529403
-0.256716
0.0541864
-0.116071
0.319653
-0.028276
-0.25113
-0.44712
0.148676
0.566183
0.391957
0.0859944
0.049812
-0.226593
0.0900193
0.0617393
0.287439
0.341066
0.437571
1.21004
1.06351
0.576191
0.748141
1.01986
0.64411
0.78208
1.08844
1.20305
0.811466
0.730743
0.755493
0.584942
0.679351
0.684809
0.730126
0.500525
0.634721
0.314953
0.220609
-0.758471
-0.746072
-0.858567
-1.03584
-0.87218
-0.650965
-0.532065
-0.820798
-1.02016
-1.0203
-0.849128
-0.592463
-0.753611
-0.955297
-0.57529
-0.751591
-0.543914
-0.800591
-0.10813
-0.376602
-0.99018
-0.93655
-0.79266
-0.476338
-0.792274
-0.518167
-0.632212
-0.814111
-0.551377
-0.971982
0.048796
0.00724248
0.0252615
0.281757
-0.1662
-0.493557
-0.416385
-0.575204
-0.393046
-0.357029
-0.317856
-0.232141
-0.126573
-0.757632
-0.948968
-0.307289
-0.639489
-0.503353
-0.506819
-0.39599
0.0357297
0.0903348
0.0200036
0.0311352
-0.0808306
-0.1355
0.374201
0.898692
0.527575
0.292342
-0.217989
-0.485598
-1.10865
-0.826726
-0.855624
-0.805439
-0.583432
-0.777203
-0.41766
-0.514255
-1.5416
-1.34577
-1.79376
-1.74207
-1.61937
-1.55373
-1.40051
-1.60141
-1.42755
-1.59142
-0.430652
-0.166908
-0.500501
-0.372388
-0.356868
-0.257142
-0.170854
-0.63712
-0.522259
-0.652159
-0.850033
-0.700279
-0.683574
-0.492757
-0.27115
-0.304301
-0.434408
-0.609984
-0.538594
-0.800835
0.19002
0.62672
0.120617
0.391078
-0.0129955
-0.122517
-0.627936
-0.534107
-0.095426
0.229203
1.17408
1.35617
1.25945
1.09939
0.909022
0.974055
0.776824
0.223993
0.352574
0.684214
0.588527
1.01099
0.497154
0.395363
0.590299
0.883018
0.748237
1.08641
1.01806
0.708227
1.32723
0.618542
1.12432
2.13608
1.8319
1.77989
1.93856
1.67259
0.943315
1.08426
-0.315881
-0.43175
-0.806184
-0.8801
-0.897546
-0.799635
-0.419521
-0.569045
-0.104432
0.203085
0.638372
0.335733
0.252605
0.385058
-0.109279
0.231159
0.532591
0.694256
0.728307
0.578976
-0.14905
-0.224229
0.0522259
0.420249
0.140458
0.052111
-0.0623315
-0.75422
-0.343359
-0.245641
1.07333
0.738726
0.956113
1.04586
1.08415
0.752092
0.64022
0.905965
0.651427
1.23345
0.0669798
0.174194
0.0573552
0.328005
0.421684
0.562765
0.344967
-0.0305099
-0.427277
0.140945
1.27877
1.23941
1.44297
1.67819
1.13525
1.12113
1.11885
1.0613
0.959655
1.18076
0.560309
0.569509
0.244735
0.265681
0.239273
-0.0196049
0.614197
0.568598
0.144012
0.115848
1.32707
0.843782
0.750478
0.752135
0.834725
0.722783
0.630351
0.824391
0.876153
1.14402
-0.0277906
-0.297225
-0.770312
-0.223113
-0.779786
-0.229108
-0.215251
-0.510105
-0.369277
-0.215005
-0.0520775
0.0291114
-0.464695
-0.333448
-0.638986
-0.363907
-0.808998
-0.796588
-0.851197
-0.363798
-1.80152
-1.45374
-1.50994
-1.58025
-1.69001
-1.94904
-2.13434
-1.68284
-1.63612
-1.6369
-1.01975
-1.48298
-1.50358
-1.46729
-1.57757
-1.62107
-1.67534
-1.42341
-1.01833
-1.26016
0.480097
-0.0236573
-0.312029
-0.318346
-0.643158
-0.624625
-0.25042
-0.187
-0.191027
-0.192716
0.55356
0.837417
0.268245
0.0298878
0.218491
-0.205319
-0.158288
0.0339435
0.044126
0.470632
1.32732
1.19046
1.15496
1.18306
0.991148
0.602189
0.848449
0.977449
0.868618
0.994884
-0.244614
-0.135532
0.0181272
0.0959819
-0.0358992
-0.301579
-0.26305
-0.193909
-0.363758
-0.143324
0.0896794
0.0849534
0.0648844
-0.585827
-0.242281
-0.198753
-0.151577
-0.0810923
0.309513
0.230832
-0.680781
-0.890614
-0.897157
-0.893499
-0.747174
-0.530027
-0.503084
-0.673462
-0.850384
-0.958877
-0.994867
-1.09068
-0.94098
-0.806274
-1.06395
-1.28208
-1.12014
-1.32389
-1.17978
-1.38357
-2.16525
-2.22391
-1.94421
-1.93655
-2.26557
-2.36932
-1.74363
-1.84756
-1.94038
-2.1771
-0.433552
-0.690113
-0.0784346
0.171688
9.32408e-05
-0.376896
-0.593499
-0.499864
-0.597416
-0.509314
-1.11295
-0.944213
-0.745697
-0.680059
-0.404517
-0.450003
-0.411728
-0.779406
-0.850604
-0.80096
-0.928996
-0.61159
-0.838219
-0.430386
-0.635496
-0.390958
-0.461212
-0.425674
-0.848462
-0.763496
-0.260357
-0.328819
-0.191002
-0.384551
-0.10305
0.320756
0.582905
0.349887
0.00578109
-0.118768
-0.377476
0.158426
0.565842
0.992676
0.976208
0.751447
0.735418
0.71131
0.251909
-0.112623
-0.285519
0.023787
-0.00493683
-0.41823
-0.511154
-0.577033
-0.630663
-0.628084
-0.539432
-0.451389
1.42312
1.26013
0.936062
1.31511
1.42336
1.72448
1.46329
1.2277
0.831004
1.3773
0.783817
0.850463
0.844415
0.694099
0.907896
0.393217
0.0734379
0.199228
0.101445
0.25153
0.0515443
-0.0109463
0.0641294
0.695192
0.59387
0.503839
0.443393
0.546528
0.361447
0.217293
0.517242
0.335405
-0.0175225
0.370864
0.532021
0.776616
0.625856
0.724838
0.561721
0.386492
-0.159788
-0.381565
-0.663168
-0.0211616
0.596151
0.717861
0.602857
0.614114
-0.170828
-0.165069
-1.52877
-1.53105
-1.39256
-1.23867
-1.20299
-1.197
-1.49092
-1.55235
-1.15132
-1.45786
-2.80714
-2.80679
-3.33126
-3.16257
-2.96049
-2.90219
-2.74977
-2.97306
-2.81601
-2.5095
-0.682171
-0.850628
-1.36793
-1.60481
-1.04752
-0.614121
-0.542201
-0.662602
-0.802386
-0.871533
-0.304297
-0.298701
-0.528615
-0.795489
-0.498943
-0.322322
-0.214484
-0.112357
-0.304862
-0.266054
-0.325419
-0.76053
-0.693892
-0.543118
-0.583458
-0.193123
0.158988
-0.293074
-0.341238
0.0707035
-1.5743
-1.5759
-1.68634
-1.59841
-1.71513
-2.05125
-2.39718
-1.62458
-1.71062
-1.25898
-1.8652
-1.44872
-1.43762
-1.15528
-0.74306
-0.428776
-0.74992
-1.06344
-1.36695
-1.69263
-0.310121
-0.104081
0.323509
0.331882
0.36153
0.371004
0.110358
0.123097
0.0413339
0.297315
1.12935
1.07497
1.09667
0.939212
0.728689
0.38638
-0.0852919
0.546976
0.774992
0.898611
1.9373
2.23029
2.38
2.08833
2.0223
1.87089
1.49801
1.67331
1.64013
1.81206
2.1279
2.53291
2.60916
2.44206
2.25797
2.73931
2.64479
2.32391
1.96529
1.99631
2.05191
2.0857
2.01673
1.61514
1.71381
1.98805
1.94751
2.33126
2.24416
2.15417
3.37125
3.83461
3.99205
4.0076
3.76995
4.07527
3.94993
4.17049
3.38699
3.26476
1.84005
1.99975
2.36014
2.17816
2.38512
2.44718
2.15309
2.36953
2.0772
1.57325
0.249151
0.323846
0.278949
0.265406
-0.0523414
-0.0694941
0.052036
0.130802
0.338219
0.418854
-0.331327
-0.498187
-0.444258
-0.31859
-0.213952
-0.155659
0.129193
-0.00511439
0.44439
-0.15905
1.17661
1.3101
1.64516
1.61273
1.20579
1.31897
1.0835
1.12342
1.25959
1.65345
-0.358961
-0.709
-0.668052
-0.374125
-0.38202
-0.752373
-0.841475
-0.584251
-0.480746
-0.66229
-0.690918
-0.848668
-0.530914
-0.73921
-0.275181
-0.511414
-0.751132
-0.899866
-0.746211
-0.626189
-0.229393
-0.18999
-0.67079
-0.567966
-0.44854
-0.518094
-0.77353
-0.545595
-0.578254
-0.661782
-0.295583
-0.302143
-0.12163
-0.437314
-0.796776
-0.850828
-0.953346
-0.906278
-0.878449
-0.561384
-2.503
-2.76153
-3.04641
-2.69342
-2.51437
-2.69519
-2.53444
-2.19995
-2.17412
-2.28734
-2.31011
-2.58248
-2.24283
-2.56826
-2.2779
-2.21602
-2.02351
-1.69001
-1.92915
-2.33919
-1.58243
-1.58021
-1.26055
-1.61425
-1.67898
-1.29343
-1.04947
-0.949595
-0.980487
-1.24796
-0.255665
-0.200344
-0.0911809
-0.0806519
-0.199105
-0.0314312
-0.359633
-0.388501
-0.390883
-0.493227
-0.293185
-0.265176
-0.699768
-0.452095
-0.600115
-0.208288
0.0498322
0.0704266
0.0640555
-0.0665533
0.356289
0.175095
-0.202164
0.0156037
-0.0717102
0.370022
-0.0620558
-0.0909029
0.113585
0.588335
-0.244831
-0.656775
0.0767422
-0.195778
-0.147705
0.00289754
0.651012
0.39621
-0.243345
-0.17124
0.0251722
0.227375
-0.403216
-0.333756
-0.407391
-0.523307
-0.440027
-0.622121
-0.261383
-0.140653
-0.463221
-0.225157
-0.47874
-0.910273
-0.639229
-0.708977
-1.23383
-0.912408
-1.06821
-0.822325
-1.37734
-1.36654
-1.42403
-1.34956
-1.3995
-2.04874
-2.1936
-2.07968
-2.08094
-2.08179
-1.46738
-1.33162
-1.23871
-1.40095
-1.58393
-2.27915
-2.01275
-1.68972
-1.1795
-1.53444
-0.71968
-0.62757
-0.607176
-0.316092
0.165554
-0.179207
-0.285217
-0.291446
-0.676738
-0.642138
-1.18445
-1.1641
-1.17718
-1.76841
-1.70433
-1.50123
-1.71591
-1.15197
-0.915429
-1.0506
-0.381484
-0.331381
-0.297319
-0.585459
-0.354167
-0.47575
-0.448443
0.0169434
-0.111808
-0.486563
-1.088
-1.10146
-0.72933
-0.624642
-0.662231
-0.793236
-0.837245
-1.40353
-1.43927
-1.25315
-0.342051
-0.150401
-0.462567
-0.147813
0.134824
-0.0274153
0.493452
-0.0153308
-0.228587
-0.276646
-0.170861
-0.592527
-0.51124
-0.657343
-0.817281
-0.923458
-0.823749
-0.852982
-0.893765
-0.712725
-1.75014
-1.83535
-1.86382
-1.94047
-2.26683
-2.17992
-1.8904
-2.38236
-2.34516
-2.00272
-1.23892
-1.27888
-1.01075
-1.22983
-1.22676
-1.08705
-1.18166
-1.24737
-1.42871
-1.50018
0.676758
0.732625
0.468875
0.3438
0.231824
0.465034
0.945294
0.719113
0.907359
0.985626
0.778689
1.19683
1.84144
1.51136
1.15333
1.03703
1.35385
1.18585
1.20352
0.892251
0.454719
0.814447
0.793586
0.254914
0.442072
0.601728
0.444284
0.453049
0.351474
0.671171
0.068273
0.310438
0.565288
0.711488
1.48688
1.09765
0.942822
0.776442
0.498186
0.174573
0.844046
1.34229
0.905645
0.760456
0.970148
0.751775
0.574925
0.742683
0.805433
1.01234
0.314918
0.104767
0.0157533
0.36989
0.297674
0.218793
0.179374
0.276768
0.278488
0.380633
0.345691
0.641759
0.596797
0.218673
0.410712
0.348616
-0.00201209
0.423456
0.464321
0.447271
-0.4534
-0.342831
-0.303767
-0.147198
0.107122
-0.171032
-0.67267
-0.381896
-0.307447
-0.419642
0.117641
0.366822
0.130995
-0.0344143
0.249877
0.151558
-0.0524441
-0.0637557
0.0137175
0.184966
0.848255
0.948734
0.932145
0.544594
0.471047
0.67742
0.789893
0.128189
0.313848
0.834526
0.932571
0.468839
0.567896
0.27207
0.298347
0.138841
0.741396
0.62307
1.31581
1.07321
1.26018
1.25272
0.770776
0.958813
1.54129
1.92297
2.1467
1.23627
1.13511
0.999932
0.931847
0.853607
0.469967
0.61313
0.547486
0.78266
0.981435
0.836555
1.18728
1.15995
-0.55295
-0.650301
-0.238742
-0.932887
-1.26505
-1.19569
-0.718537
-1.20862
-0.850712
-0.735659
-1.11383
-0.867671
-0.599402
-0.525512
-0.293227
-0.333333
-0.692315
-0.741839
-0.789851
-0.967608
-0.388315
-0.49242
0.0903817
0.0320509
0.168712
-0.270365
-0.199462
-0.135999
-0.421285
-0.429189
1.12658
0.95304
0.680366
0.890154
1.21802
1.141
1.06568
1.16167
1.30809
1.03547
-0.331382
-0.469922
0.0439814
0.500962
0.377573
0.723437
0.383025
0.537561
0.469986
-0.0724534
-0.00353163
-0.00847628
0.187339
0.330661
0.552836
0.718616
0.426428
0.731835
1.07514
0.624771
0.996703
1.00815
1.14227
0.914697
0.779788
1.00504
0.978557
1.33019
1.29384
1.26653
1.22606
0.898561
1.29945
1.24515
1.18485
1.42331
1.02041
1.57126
1.47943
1.11268
1.15061
1.41681
1.24509
1.20175
1.09182
1.15001
1.11375
0.835094
0.927506
0.902581
1.42858
1.23888
0.727938
0.928585
0.803065
0.816745
1.50427
0.926394
1.12672
1.35112
0.46821
0.525911
0.296806
0.626967
0.560555
1.31228
1.41271
0.874511
0.764289
0.596372
0.664819
0.81764
0.515897
0.681517
0.309804
0.223882
0.0258013
0.657774
0.840076
0.738484
-1.05083
-0.780124
-0.842124
-0.546487
-0.828576
-0.868002
-0.468482
-1.04646
-1.07765
-1.20218
-0.607768
-0.686822
-0.5149
-0.725239
-0.500557
-0.495601
-0.686846
-0.901895
-0.387352
-0.415229
-0.456704
-0.380129
-0.290942
-0.55454
-0.664746
-0.39442
-0.536289
-0.756723
-0.900172
-0.472541
-0.618723
-0.91062
-1.16154
-1.0437
-0.716569
-0.669597
-0.683821
-0.603362
-0.255025
-0.0962428
0.552997
0.812954
0.579309
0.231756
0.0990183
0.121476
0.10606
0.812468
0.599745
0.32569
1.09247
1.1706
1.3232
1.08766
0.782753
0.957854
1.04353
1.16607
1.12334
1.00579
2.05638
2.29263
2.06145
1.54892
1.76468
1.63508
1.51099
1.58492
2.06736
2.1151
0.577282
0.840821
0.820982
1.05574
1.32768
1.53555
1.58645
1.28986
1.20469
0.929687
0.74474
0.654833
0.735276
0.637815
0.76089
0.418737
0.229176
0.420998
0.909018
1.00077
0.691826
0.79941
1.1036
1.26829
0.866041
0.982278
1.25965
1.77935
1.16571
0.763183
0.188649
0.339639
0.341845
0.426634
0.427336
0.632008
0.405082
0.0334222
-0.0162275
0.175493
1.70971
1.91198
2.07043
2.06531
2.10466
1.92763
1.71332
1.46424
1.43975
1.63652
2.17491
2.17429
1.77499
1.90639
2.00831
1.95544
1.9616
1.74683
2.16467
2.27966
1.69693
2.12992
2.51293
2.48737
2.30927
2.17851
1.91468
1.53905
1.47818
1.20798
2.16861
2.28533
2.8512
2.50744
3.05355
2.83154
3.00741
2.923
2.91687
2.28338
1.61657
1.65287
1.48459
1.46701
1.42629
1.43245
1.44363
1.3366
1.24733
1.72275
2.06128
1.80777
1.7637
1.71665
1.7462
1.70203
1.80732
1.78437
2.26014
2.00522
0.941062
1.51394
1.36105
1.25271
1.34911
1.26508
0.656343
0.737239
1.03959
1.13866
0.973256
0.882584
1.02496
0.949735
1.10691
1.49552
1.48333
1.40393
1.13439
1.32547
1.89224
2.05617
2.30702
2.10146
2.29077
1.99562
2.01913
1.82184
1.74321
2.10039
1.38641
1.42263
1.31742
1.18942
1.0718
1.25118
1.08199
0.986065
1.32397
1.30268
-1.22085
-1.1505
-0.840694
-0.910091
-0.948466
-0.766497
-0.597813
-0.517294
-0.561463
-0.880887
-1.70947
-1.51208
-1.42338
-1.54205
-1.94989
-2.28682
-2.13033
-1.77024
-1.7825
-2.16664
-0.575408
-0.421298
-0.353536
-0.710447
-0.472025
-0.36636
-0.331853
-1.07249
-1.28411
-1.06923
-0.278228
0.235724
0.20945
0.375751
0.359071
0.497815
0.588479
0.348686
0.120868
-0.128915
-1.40291
-1.43557
-1.45216
-1.48211
-1.58079
-1.95058
-1.72483
-1.65144
-1.30426
-1.38976
-1.54557
-1.71197
-1.56465
-1.63911
-1.41535
-1.66073
-1.45636
-1.52596
-1.56356
-1.8997
0.177125
-0.198498
-0.749959
-0.875319
-0.670535
-0.396206
-0.205065
-0.292213
-0.11449
-0.108186
1.66825
1.66891
1.13829
0.812931
0.848338
1.00385
1.17793
1.2116
1.26953
1.45224
0.65712
0.553649
1.00343
1.51214
1.2277
1.12644
1.15543
0.833131
0.668761
0.905721
2.52073
2.75524
2.14269
1.88948
1.82558
1.79003
2.32494
2.59431
2.65016
2.19173
2.48215
2.90322
2.44892
2.57287
2.66866
3.03835
3.03589
3.08953
2.29646
2.25097
1.17311
1.49375
1.42948
1.38117
1.36513
0.934258
1.03329
1.09867
1.19277
1.17285
1.58079
1.36459
1.58493
1.59772
2.02927
2.028
1.8959
1.31136
1.28917
1.14532
1.34514
1.26071
1.62281
1.52379
1.43043
1.83679
1.22888
1.27405
1.26553
1.42969
2.57392
2.03569
1.81453
2.15692
2.18348
2.28001
2.17256
2.03425
1.74004
2.1812
3.48014
3.29064
3.37525
3.44038
3.6026
3.36291
3.28366
3.10321
3.01608
3.12219
1.72854
1.73841
1.80675
2.20704
2.42632
2.30197
2.10108
2.64389
2.04847
1.8512
1.17829
1.06772
1.08164
0.970483
0.845447
1.22204
1.09838
1.1092
1.35622
1.38031
0.404411
0.208215
-0.0662779
0.170652
0.52856
0.892424
0.589317
0.33034
0.307736
0.291957
0.876302
0.632172
0.740829
0.860881
1.04673
0.996209
0.599058
0.53926
0.606942
0.6144
0.56411
0.418613
0.586217
0.472888
0.640801
0.269975
0.161278
0.331884
0.445425
0.634811
-0.425795
0.187638
0.22139
0.00932402
0.156393
-0.140161
-0.0524807
-0.397247
-0.513134
-0.657163
-0.181615
-0.678386
-0.185446
-0.233099
-0.128381
-0.374228
-0.229609
-0.458313
-0.71442
-0.432594
0.0107598
0.0126101
0.0419998
0.150317
-0.00404964
0.0449221
-0.00287259
-0.129465
0.0469323
0.0926766
0.126619
0.0863998
-0.0994026
0.298862
0.0368528
0.2183
0.0831653
0.137322
0.404194
0.403325
0.5025
0.927696
0.757864
0.542134
0.610258
0.361402
0.497178
0.778779
0.705321
0.728704
-0.645055
-0.332357
-0.510641
-0.199173
-0.606633
-0.894366
-0.680362
-0.657547
-0.201479
-0.367406
-0.477774
-0.759714
-0.713607
-0.351278
-0.0168726
-0.0392064
-0.133153
-0.461563
-0.930192
-0.812868
-0.245148
-0.160404
-0.0843314
0.356775
-0.320886
-0.28022
-0.247961
-0.246383
-0.327663
-0.344813
0.470365
0.532354
0.53204
0.29549
-0.0226958
0.0342609
-0.0474637
0.283604
0.383669
0.522058
1.77526
1.97224
2.26535
2.71054
2.68478
2.71852
2.53709
2.39841
2.02777
1.8134
0.415902
0.360201
0.277484
0.468911
0.233713
0.439445
0.502048
0.762736
0.745893
0.668505
0.362945
0.213352
0.174609
0.359273
-0.0576233
0.0149589
0.486601
0.531101
0.43861
0.186256
-0.299001
0.349772
0.113283
0.260812
0.531191
0.0512394
0.00678129
-0.264787
-0.313731
-0.573276
0.825635
0.556656
0.320852
0.294218
0.048695
0.127599
0.13659
0.581206
0.789049
1.06489
0.967042
0.808614
0.7287
0.715831
0.536122
0.37605
0.818995
0.801781
0.507405
0.617318
0.469929
0.474688
0.497174
0.275105
-0.00842366
0.0745561
-0.028089
-0.0753818
0.368506
0.528366
0.719224
1.16968
0.867884
0.66179
0.524484
0.572246
0.374171
0.55425
0.923889
0.980101
0.512175
0.195735
0.126544
-0.398202
-0.111842
-0.549197
-0.727681
-0.365025
-0.269011
0.105563
-0.823715
-0.887715
-1.1232
-1.13591
-0.773998
-0.948719
-1.14402
-1.19356
-1.08153
-1.04297
-0.284546
-0.287027
-0.547852
-0.532901
-0.595254
-0.533062
-0.583537
-0.837871
-0.467364
-0.517258
-0.807563
-1.10818
-1.25667
-0.988106
-1.07809
-1.0118
-0.796883
-0.986151
-0.955126
-0.930218
-1.00787
-0.853252
-0.824583
-1.01173
-0.861678
-0.571245
-0.999954
-0.951954
-1.26982
-1.21245
0.213562
-0.0334807
0.314421
0.743773
0.528445
0.0171485
0.172821
0.356303
0.244288
0.262586
0.179335
0.180677
0.122127
0.267683
0.382747
0.514599
0.549096
0.468805
0.285733
0.138542
-0.410051
-0.707067
-0.51789
-0.276615
-0.181109
-0.322516
0.0832048
-0.123083
0.261039
-0.0870265
0.276887
0.241631
0.157753
0.435608
0.517097
0.757222
0.457724
0.746362
0.372679
0.432572
-0.748155
-0.44948
-0.348957
0.0331543
-0.185733
0.0599636
-0.266556
-0.395166
-0.620849
-0.201868
0.393718
-3.00353e-06
-0.883502
-0.795027
-0.429076
-0.32039
-0.233881
0.0249931
-0.332352
0.108869
0.800578
0.936077
1.02532
0.600614
0.415503
0.406252
0.526865
0.977541
0.716589
0.659723
0.209471
0.383025
0.569982
0.111828
0.361084
0.871613
0.931484
0.994019
0.856294
0.48736
0.240977
0.124022
0.0200687
0.207025
0.531457
-0.0204003
0.187498
0.251916
-0.109306
0.148524
-1.11995
-1.00877
-0.630973
-0.603173
-0.932434
-0.785142
-0.860833
-1.05632
-1.32265
-1.05436
0.501728
0.160243
0.137217
-0.155523
-0.00795024
0.222354
0.281516
0.331563
0.201406
0.461148
2.19553
1.96562
2.23493
1.84196
1.97992
2.19757
1.64554
1.95312
2.09697
2.05523
2.11468
2.38752
2.66323
2.08685
2.14912
2.12764
2.11882
2.00536
2.19955
2.21634
0.269382
0.793334
0.780551
1.18047
1.1006
0.740215
0.632899
0.431014
0.0887298
0.0266277
0.926941
0.895219
0.807033
0.436001
0.573169
0.759244
0.5865
0.668456
0.170072
0.821642
-0.149842
-0.266664
-0.616756
-0.70834
-0.478405
-0.603376
-0.981511
-0.859157
-0.891521
-0.472426
0.328071
0.678386
0.808861
0.921684
0.74494
1.31324
0.726635
0.857266
0.717802
0.535351
0.339191
0.313906
0.308306
0.10518
-0.0321675
0.14779
0.395613
0.778551
0.460241
0.458038
0.229418
0.643045
0.297513
0.434063
0.71915
0.811802
0.822194
0.826731
0.826543
0.709371
0.771089
1.45332
1.46154
1.41736
1.73405
1.16917
0.97381
1.08734
1.19278
0.923097
0.451665
0.769807
0.603173
0.328717
0.493797
0.489645
0.648377
0.863947
0.453009
0.210166
1.69062
1.35641
1.45736
1.99892
2.27021
1.84193
1.95005
1.65988
1.66969
1.57117
0.769971
0.76563
0.869943
0.758069
0.714056
0.898128
1.04393
0.773787
1.18403
0.909417
0.873737
1.01336
1.10925
1.39485
1.37065
0.996714
0.837598
1.42154
1.13908
0.93261
0.668834
0.678499
0.0791614
0.154966
0.361714
-0.11113
-0.201951
-0.0548931
0.410672
0.205428
1.10789
1.15878
1.32393
1.29404
0.832943
1.11689
0.994847
1.04891
0.835151
1.00245
-0.371538
-0.0974065
-0.511023
-0.61834
-0.420234
-0.245395
-0.163287
0.251306
0.307801
-0.253714
-1.20672
-1.2767
-1.97267
-2.07793
-1.70088
-1.46255
-1.4908
-1.7153
-1.45094
-1.51854
-2.85935
-3.0451
-2.4873
-2.56193
-2.18407
-1.82365
-2.35616
-2.64042
-2.74939
-2.85065
-1.1143
-1.86898
-1.9945
-2.16429
-1.6236
-1.35314
-0.924223
-1.15807
-0.921573
-1.05559
-2.19643
-1.86918
-1.75228
-1.34868
-1.3484
-1.544
-1.76949
-2.10367
-2.18727
-2.34408
-2.8668
-2.72169
-2.40887
-2.46264
-2.40715
-2.24494
-2.23776
-2.71596
-2.86534
-2.74375
-1.61545
-1.9726
-2.00739
-1.77105
-1.54241
-1.48411
-1.50472
-1.32849
-1.49997
-1.50717
-1.97493
-1.87557
-2.68253
-1.94784
-2.17365
-1.57349
-1.74153
-1.96534
-2.0605
-1.57282
-0.976607
-0.648293
-0.631864
-0.452367
-0.378095
-0.826338
-0.519102
-0.60474
-0.714695
-1.17716
0.129832
0.274634
-0.277141
-0.059045
0.21476
-0.22526
0.0599828
0.340293
0.354135
0.204396
-0.911264
-1.28304
-1.71379
-1.55785
-1.72169
-2.12506
-2.20096
-1.24598
-0.89066
-0.619166
0.0207485
0.0950465
0.00775753
0.103455
0.533897
0.412027
0.321074
0.488904
0.514137
0.221426
0.323799
0.368113
0.539489
0.186651
0.311743
0.218109
0.154956
0.27668
0.173524
0.342538
-1.4541
-1.04259
-1.35793
-1.33731
-1.42586
-1.12206
-1.22456
-1.19097
-1.20212
-1.61526
-0.2386
-0.29523
-0.499783
-0.698317
-0.593955
-0.465946
-0.464207
-0.489658
-0.313983
-0.167999
0.86441
0.764534
0.44055
0.542211
0.396137
0.317551
0.538601
0.503549
0.43271
0.924075
0.543517
0.806224
0.827652
0.448863
0.206759
0.502477
0.680119
0.346422
0.563731
0.208923
1.20145
1.10979
1.1692
1.48159
1.65773
1.54618
1.875
2.17985
1.76486
1.68347
0.149651
0.17646
0.253233
0.523062
0.632059
0.109538
0.270252
0.516173
0.213088
0.146558
-1.11101
-1.4352
-1.03592
-0.362957
-0.195598
-0.854258
-0.381246
-0.433075
-0.460638
-0.929021
0.910465
0.933069
0.962929
0.276593
0.392691
0.386418
0.236992
0.665366
0.394334
0.719442
1.16185
1.19969
1.16906
1.02275
1.29882
1.37128
1.24469
1.2527
0.627792
1.18513
1.49244
1.36451
1.01466
0.798268
1.00059
1.4162
1.77397
1.78221
1.68215
1.49468
0.0583053
0.239549
0.365494
0.962994
1.05193
1.07762
1.00761
0.903886
0.696327
0.252996
0.842712
1.52661
1.33194
1.28556
1.57611
1.36475
0.975392
0.930588
1.41359
1.16586
2.15034
1.92509
1.84367
2.02921
1.81127
1.86947
2.0146
2.10019
1.98913
2.10589
1.66637
1.77493
1.93153
1.71231
1.40601
1.82279
2.0234
2.27204
2.33594
1.93171
1.06738
1.23561
1.06469
0.886569
1.36304
1.52688
1.71032
1.28744
0.941225
1.18893
0.761804
0.613052
0.27267
0.173508
0.171956
0.537868
0.924513
0.898035
0.620061
0.525487
0.30886
0.639672
0.464061
0.548919
-0.188371
0.0326276
0.0411264
0.15272
0.315849
0.35643
0.073541
0.159538
-0.0501978
-0.138188
-0.216099
-0.159742
-0.129639
-0.167666
0.0676129
-0.144593
0.853564
1.03035
1.15897
0.849553
0.641932
0.227917
0.203387
0.371604
0.17077
0.481701
0.214723
0.622965
0.815708
0.414226
-0.0457366
-0.0748583
0.0073117
-0.0824132
-0.109459
0.0741701
0.587343
0.485355
0.861353
0.273382
0.17212
0.360048
0.879724
0.863708
0.468045
0.781391
-0.213191
-0.467012
-0.085924
0.435341
0.402079
-0.140909
-0.38273
-0.222011
-0.375164
-0.606297
0.730879
0.24912
0.442606
0.159459
0.0931143
0.280157
0.0779432
0.505216
0.366782
0.216668
-0.27458
-0.669933
-0.913718
-0.61226
-0.316134
-0.161098
0.005084
-0.0502093
-0.121538
-0.294005
-1.62771
-1.23286
-1.18314
-1.41285
-1.3571
-1.35126
-1.24648
-0.755937
-0.996178
-1.20937
-1.35983
-1.43196
-1.09902
-1.21792
-1.30273
-1.1284
-1.37633
-1.1705
-1.55787
-1.59702
0.720871
0.798685
0.726723
0.645995
0.541559
0.63025
1.00164
0.995056
1.1314
1.01298
0.236824
0.032975
-0.118732
-0.576971
-0.393967
-0.353577
0.00611054
-0.27582
-0.0981763
-0.494697
-0.0886067
-0.309049
-0.0128855
-0.126146
-0.191347
0.33095
-0.0186366
0.146363
0.0362957
0.00729269
0.466986
0.886518
1.03995
0.823091
0.89876
1.02535
0.58911
0.0688158
0.22569
0.113702
0.143847
-0.176891
0.0455037
-0.181104
-0.063027
-0.104473
-0.0956176
-0.241394
0.160991
0.289316
1.1505
0.946668
0.92435
0.8484
0.683145
0.672926
0.991925
0.934736
0.562695
0.85058
1.01153
1.43192
1.29112
0.844066
1.11871
1.42093
0.940015
0.428722
0.488833
0.413233
-0.148081
0.0678653
0.0661726
-0.326552
-0.00914446
0.321909
-0.0190761
0.053443
0.0516164
-0.233577
-0.23172
-0.077383
-0.215019
-0.561144
-0.871696
-0.669507
-0.277231
-0.224371
-0.0069625
-0.236681
0.438804
0.319185
0.14556
0.373968
0.544114
0.461369
0.246893
-0.0644429
0.1112
0.192311
0.684232
1.24049
0.738149
0.593259
0.754713
0.491809
0.602075
0.705042
0.594071
0.345127
1.8173
1.69143
1.3656
1.26994
1.30842
1.94482
2.10253
1.93368
2.10293
2.04796
0.866767
1.01253
0.803438
0.682624
0.675157
0.968351
0.550091
0.542186
0.546007
0.597248
0.535147
0.750295
0.645103
0.61574
0.729415
1.02915
0.726971
0.545334
0.314021
0.408471
0.943546
0.860665
0.344487
0.861925
0.650781
0.47305
0.447172
0.364336
0.584057
0.680432
2.02778
2.20781
2.13754
2.18266
2.11227
1.511
1.72889
1.49184
1.80159
1.98704
0.261689
0.214098
0.307113
0.788024
0.997231
1.13793
0.44663
0.354951
0.418562
0.225224
-0.262403
-0.334414
-0.271559
-0.183985
-0.200089
-0.225074
0.141833
0.156081
-0.31468
-0.140036
0.645642
0.935331
0.259623
0.0267724
-0.0312748
0.135826
-0.105456
0.0175007
0.486609
0.708082
0.184181
-0.00529053
0.0177038
0.214476
0.299942
-0.336263
-0.364361
-0.538706
-0.445355
-0.167025
-0.448751
-0.0604519
0.0578463
0.621367
0.353753
-0.148247
-0.513971
-0.830018
-0.895593
-0.985368
0.139209
0.356507
0.253654
0.154136
0.756328
0.692677
0.828355
0.227924
0.414554
0.343311
0.911172
1.10728
1.15025
1.42578
1.30575
0.676316
0.936634
0.791782
0.957255
1.17924
0.558204
0.999455
0.891673
1.19035
1.54479
1.61356
1.45468
0.970307
0.871683
0.742377
0.39319
0.482588
0.470691
0.590096
0.505116
0.72527
0.871718
0.61627
0.45644
0.485412
0.401367
0.169608
0.46724
0.349902
0.604882
0.112263
0.675915
0.651639
0.742989
0.526153
-0.16758
-0.269909
-0.0433901
-0.369118
-0.455242
-0.221515
-0.121494
-0.239524
-0.173228
-0.0389871
0.494885
0.730343
1.12743
0.923352
0.841043
0.37819
1.09111
0.770859
0.294291
0.54067
0.549082
0.960219
0.85732
0.633159
0.875958
1.082
1.02734
0.862984
0.686423
0.723278
1.73239
1.72048
1.5597
1.51323
1.39032
1.42727
1.63914
1.94342
1.95634
1.51772
1.37567
1.4445
1.36718
1.24773
1.14677
1.47385
1.58847
1.58802
1.43013
1.485
1.99922
2.13711
1.9188
1.55764
1.41969
1.52985
1.59017
1.96498
2.01854
1.58262
2.16857
2.03876
2.0259
1.41206
1.46522
1.85434
1.4776
1.45824
1.74946
2.1068
1.49434
1.55164
1.45745
1.85045
1.89345
1.70378
1.42342
1.31076
1.38362
1.54124
2.22279
2.35729
2.27819
2.28224
1.9841
2.30711
2.15756
2.11648
2.66233
2.85675
2.10935
2.17355
2.07656
1.75021
1.59069
1.74188
1.75378
1.18451
0.965935
1.57564
0.859708
0.794058
0.655245
0.0926925
0.150328
0.040378
0.188147
0.230085
0.264148
0.616557
1.17598
0.736379
0.514083
1.15081
1.67359
1.44953
1.11401
1.01858
1.08987
1.07973
1.45935
1.16185
1.60767
1.09691
0.777589
1.21221
0.984267
1.18073
1.2496
1.20959
1.36066
1.42975
1.46696
1.36275
1.09595
0.801345
1.05528
1.11464
1.104
1.23794
1.27419
1.23906
1.28056
1.02208
1.05632
1.35286
1.2799
1.11937
1.39108
1.69895
0.268587
0.52235
1.15238
1.1431
1.05001
0.930572
1.17597
1.10465
1.09983
0.719459
-0.0184203
-0.107808
-0.459229
-0.259145
-0.35315
-0.132914
0.281354
0.0514765
-0.0351556
0.259931
-0.229786
0.0158795
0.0261533
-0.0255988
0.063309
-0.409637
-0.23787
0.155192
-0.284893
0.0190352
-0.933753
-0.556695
-0.790914
-0.54974
0.120003
-0.142911
0.0410262
0.201237
-0.0254495
-0.46095
0.131807
-0.0838197
-0.0145305
-0.0960289
-0.49353
-0.571473
-0.606593
-0.13928
-0.10385
0.103483
-0.879896
-0.386762
-0.361402
-0.459508
0.0025881
-0.032977
-0.19402
-0.546052
-0.476353
-0.441312
0.235373
0.571683
0.86752
0.802664
0.525655
0.814305
1.02281
0.978378
0.588355
0.265425
1.24642
1.51348
1.20448
1.00212
0.7126
0.538194
0.450814
0.431223
0.364997
0.80283
1.09174
0.916024
1.19466
1.1298
1.25087
1.3068
1.45068
1.42345
1.5271
1.29106
0.339907
0.160177
0.33307
0.318248
0.888864
0.299154
0.309035
0.332663
0.548551
0.103984
0.700309
1.03853
0.88707
1.20418
1.07114
1.46369
1.56688
1.53018
0.955237
0.900491
-0.17005
-0.384908
-0.393917
0.0378421
-0.15454
-0.0672644
-0.160804
-0.517071
-0.175935
-0.192327
0.444539
0.417175
0.601532
0.107285
0.325731
0.116751
0.0836737
-0.269841
0.0740996
0.348261
-0.985049
-1.24204
-1.02258
-0.407018
-0.508889
-0.421969
-0.687003
-0.47295
-0.098277
-0.433388
-1.61177
-1.41468
-1.51586
-1.50307
-1.10265
-1.58212
-1.6975
-1.93996
-1.91715
-2.00137
-0.618135
-0.888603
-0.742638
-0.822522
-1.14616
-1.02161
-0.667802
-0.311146
-0.0914325
-0.510508
-1.24757
-1.01052
-1.10581
-1.27809
-1.09567
-0.851076
-1.2336
-1.08983
-0.817769
-1.21056
-2.04764
-1.89626
-1.65442
-2.08756
-2.22874
-2.13288
-1.73726
-1.88586
-1.85403
-1.87024
-2.56546
-2.55966
-2.24149
-2.61213
-2.94092
-2.90453
-2.87032
-2.78628
-2.65658
-2.70875
-1.07259
-1.23625
-1.23497
-1.2042
-2.0365
-1.74255
-1.69577
-1.16752
-1.30725
-1.25496
-0.233266
-0.04301
-0.343558
-0.101996
-0.17957
-0.63282
-0.532782
-0.482006
-0.431122
-0.375307
-0.972684
-0.76985
-0.791605
-0.98951
-0.894998
-0.68747
-1.15541
-1.03776
-1.13706
-1.09497
0.415414
-0.0183209
-0.609418
-0.269937
-0.261424
-0.30904
0.173293
0.449575
0.247573
0.232553
0.423056
0.0377185
-0.122778
-0.327229
0.0238648
-0.10756
-0.346771
-0.551401
-0.212819
-0.00698686
-0.488098
-0.63179
-0.785122
-0.849971
-1.16969
-1.07099
-0.999954
-0.924376
-0.831308
-0.457723
-2.18152
-1.7333
-1.63974
-1.96079
-1.88857
-1.83277
-2.00006
-2.34158
-2.34034
-2.49051
-0.953532
-0.754375
-0.85908
-0.531441
-0.748103
-0.456518
-0.907265
-0.950117
-1.08749
-0.936212
-0.43253
-0.732385
-0.456402
-0.844428
-1.01386
-1.1531
-0.770376
-0.46752
-0.153116
-0.130736
0.751101
0.424794
0.75145
0.598744
0.956687
0.945911
0.949573
0.830986
0.680514
0.601637
1.23144
1.00263
1.25532
1.12922
1.47067
1.3792
1.4007
1.6066
1.66587
1.2082
1.25351
0.701494
0.109022
0.181907
0.0191113
0.290654
0.333541
0.471617
0.725805
0.906167
-0.476899
-0.414895
0.14787
-0.350227
-0.414807
-0.859679
-0.786812
-1.08179
-0.854088
-0.38359
-0.668938
-0.282538
-0.448678
-0.254096
-0.602713
-0.740334
-0.775535
-0.948334
-1.10399
-0.557077
-1.15783
-1.07412
-1.51346
-1.3772
-1.33133
-1.6666
-1.15205
-1.17723
-1.24823
-1.41838
-0.472066
-0.197428
-0.171119
-0.0903757
0.130547
-0.204726
-0.343233
-0.54412
-0.549205
-0.371262
1.3093
1.76354
1.66625
1.83572
1.63564
1.28874
1.19842
1.07868
1.07107
0.999951
-1.2025
-0.442843
-0.568832
-0.68232
-0.741336
-0.355881
-0.467911
-0.875609
-0.656194
-1.01107
0.540679
0.308693
0.0200814
0.0890333
0.11586
0.42103
0.703504
1.04771
0.582652
0.619437
0.583288
0.93435
0.83326
1.27704
1.38876
1.08435
0.958217
0.761299
0.986319
1.0724
1.3745
0.696752
1.22822
1.55803
1.67024
1.71791
1.58159
1.57144
1.31069
1.66216
1.60786
1.83638
1.4792
1.46844
1.58434
1.92676
1.96182
2.09002
2.10555
1.69276
0.501824
0.882417
1.21554
1.14302
1.12016
1.16383
1.34302
1.5604
1.3042
0.788883
2.12825
2.07723
2.00881
1.7376
1.57587
1.58495
1.6478
2.03833
2.23124
1.97255
1.24267
0.89397
0.499499
0.698898
0.357126
0.217075
0.515207
0.904679
1.15817
1.16255
0.877991
0.89824
0.877311
0.436174
0.381488
0.580722
0.152358
0.382631
0.275559
0.682466
0.752987
0.418961
0.316105
0.174294
0.551411
0.333982
0.459889
0.536267
1.01998
0.939378
-1.2966
-0.552703
-0.613544
-0.878897
-0.989361
-0.82697
-1.03892
-0.749048
-1.0886
-1.10478
-1.92864
-1.39419
-1.23738
-1.18751
-0.815094
-1.1593
-1.16572
-1.63012
-1.59347
-1.68472
-0.580526
-1.07617
-0.707529
-1.00422
-1.01267
-0.919338
-1.14369
-0.642953
-0.719266
-0.505312
0.118042
0.220037
0.0750193
0.275426
0.294395
-0.193242
0.246122
-0.201021
-0.088503
0.113125
0.380385
0.447891
0.291929
0.0871716
-0.0913726
-0.20454
-0.0824796
-0.146462
0.0462152
0.52067
0.484269
0.643594
0.399053
0.428974
0.293639
0.416181
0.721947
0.403189
0.0650879
0.333358
0.47171
0.141722
0.367796
0.585735
0.612793
0.325311
0.428462
0.771907
0.43523
0.748675
1.80682
1.22275
1.33567
1.4671
1.22317
1.24404
1.43569
1.7183
1.20818
1.19588
1.86119
1.5761
2.02422
2.17371
1.93061
2.25473
2.08366
2.19192
2.05919
1.7529
1.06924
1.26256
1.48807
1.64289
1.28966
1.30477
1.0872
1.15735
0.929104
1.01601
1.01268
0.799806
0.728152
0.699446
0.986
1.1003
0.787865
0.962036
1.4513
1.24168
0.956563
0.576193
0.413731
0.657157
0.888909
1.3512
1.08788
1.01914
1.12743
1.37359
2.44784
2.14081
1.93584
1.64375
1.68259
1.75437
1.8447
2.1364
2.74625
2.7631
1.29261
1.05582
1.02119
1.16019
1.33021
1.54418
1.42759
0.880811
1.0097
1.17101
0.527932
0.464445
0.518786
0.646353
0.735093
1.34288
1.22044
1.1759
0.914079
0.438758
0.0899987
0.369609
0.69662
0.500118
0.260369
0.461587
-0.0397353
0.16463
0.0660751
-0.123998
0.122957
0.124822
0.212648
0.0986052
-0.300674
-0.376203
-0.269694
0.127079
0.230493
-0.291496
-0.0617437
-0.236613
-0.159193
-0.229836
-0.257804
-0.244261
-0.505799
-0.640225
-0.892857
-0.508897
-0.593709
-0.58834
-0.67435
-0.632392
-0.924558
-0.985678
-0.904369
-0.789927
-0.818356
-0.554414
0.355608
0.212773
0.208764
0.187939
0.308853
0.193559
0.31204
0.168768
0.121776
0.407044
0.824654
0.963722
1.06049
1.06624
0.914268
0.740109
0.57091
0.987715
0.827536
1.10101
-0.192351
-0.0353978
0.0567924
-0.236619
-0.343305
-0.48396
-0.743714
-0.259998
-0.135658
-0.0805494
0.24727
0.444511
-0.0832283
-0.302392
-0.333501
-0.275859
0.235681
0.0463101
0.141033
0.330332
-0.520309
-0.851792
-0.963881
-1.01308
-0.625444
-0.801639
-0.874217
-0.92089
-1.40895
-0.9442
-1.84278
-1.74706
-1.79975
-1.92501
-2.39426
-2.21837
-2.41664
-2.31295
-1.95014
-2.05767
-1.70214
-1.98692
-1.9487
-2.13481
-2.15277
-2.37392
-2.25522
-2.03447
-2.27355
-2.10152
-0.115379
0.315349
0.0383688
0.272619
-0.464679
-0.488834
-0.49835
-0.412393
-0.394445
-0.214533
0.576813
0.329934
0.401697
0.422282
0.701577
0.542417
0.432125
0.75699
0.97552
0.953247
0.948028
1.38994
1.0576
1.10076
0.570209
0.554575
0.311066
0.0664006
-0.0321875
0.422721
0.728372
1.09933
0.653205
0.588753
0.592665
0.642398
0.367887
0.408126
1.01394
0.980639
0.013384
0.274219
-0.0504264
0.144364
0.525896
0.486527
0.61751
0.676209
0.414938
-0.0754359
1.55792
1.60189
1.29074
0.687763
0.865845
0.626587
0.547996
0.351993
0.979155
1.16909
0.366909
0.0188677
0.198016
0.448973
0.0956298
-0.206969
0.663705
0.966468
0.857082
1.02792
-0.301374
-0.598935
-0.608917
-0.606361
-0.40846
-0.319052
-0.286684
-0.571552
-0.355679
-0.476364
-0.35158
-0.12674
-0.361105
-0.214617
-0.0629855
-0.376543
-0.881505
-0.811029
-0.361591
-0.231373
-1.16895
-1.20581
-0.679638
-0.695839
-0.760691
-0.516484
-0.439589
-1.17926
-0.915805
-1.33492
-1.33104
-1.35808
-1.72992
-2.13352
-1.74312
-1.64792
-1.15318
-1.52495
-1.17493
-1.29063
-1.14703
-0.728573
-0.746303
-1.20714
-1.24099
-1.11109
-0.986958
-1.22258
-1.19536
-1.00506
-1.44158
-1.71166
-2.11863
-1.69251
-1.88844
-1.83411
-1.62253
-1.21637
-1.33086
-1.12006
-1.03066
-1.23928
-1.64229
-1.24145
-1.23689
-1.17712
-1.10984
-0.876498
-1.30702
-0.909842
-0.97211
-1.24002
-1.28546
-1.20987
-1.41955
-1.03034
-0.490413
-0.465374
-0.461864
-0.738559
-0.0595282
0.0675165
-0.107047
0.00453523
0.386759
-0.0163611
-0.214827
0.0960986
-0.140712
-0.0642555
-0.0691098
-0.230085
-0.177829
-0.09083
0.212096
0.120941
-0.351326
-0.418992
-0.189187
0.0352562
-1.08546
-1.09532
-1.11137
-1.14836
-0.940338
-1.1307
-1.36577
-1.08339
-0.896848
-1.00245
-1.19843
-1.45082
-1.73793
-1.68069
-1.17893
-1.39101
-1.80795
-1.82135
-1.82988
-1.53524
-0.584132
-0.0632789
-0.224496
-0.241621
-0.425535
-0.584829
-0.685603
-0.483894
-0.491901
-0.928141
-0.484248
0.278775
0.368737
-0.00431199
-0.14124
-0.365768
-0.306307
-0.158979
-0.546583
-0.132953
0.297228
0.197292
0.507802
0.294157
0.409812
0.362987
0.460002
0.607215
0.859798
0.92825
0.796203
0.867633
0.910173
0.255467
0.834208
0.632954
0.254104
-0.240864
-0.0738702
0.498297
0.972892
0.752068
0.950709
0.736052
0.833411
0.959863
0.762911
0.482419
0.530488
0.59361
-0.254059
0.107923
0.0897513
0.205697
0.489172
-0.00792293
0.251207
0.196681
0.177338
0.0711945
-0.350701
-0.82507
-0.717679
-1.0067
-0.676896
-0.934916
-1.00864
-0.78866
-0.673498
-0.114671
-0.592004
-0.538444
-0.2956
-0.157644
-0.771337
-0.858185
-1.28854
-1.24783
-1.16796
-0.849311
-0.195585
-0.113919
-0.423188
-0.540146
-0.46299
-0.25452
-0.133338
-0.363249
-0.346667
0.12769
-0.18404
-0.353632
-0.0253009
0.315518
0.230824
0.511747
0.635167
0.451669
0.601666
0.178173
0.0492047
0.0348119
-0.20072
-0.350805
-0.0698167
0.132655
0.0749075
-0.261767
-0.47983
-0.403849
-0.610634
-0.675891
-0.95629
-1.03464
-1.20452
-1.15085
-1.42091
-1.06168
-0.944701
-1.12049
-1.27439
-1.033
-0.794541
-0.75374
-0.573431
-0.387939
-0.366401
-0.32996
-0.778331
-0.734301
0.142364
-0.349894
-0.552618
-0.215394
-0.13532
-0.317589
-0.139436
0.0630762
-0.201388
-0.136504
-0.302049
-0.701681
-0.740884
-0.646066
-0.337877
-0.258788
-0.308912
-0.620948
-0.532215
-0.680584
-0.744477
-0.843846
-0.727682
-0.548031
-0.472127
-0.491799
-0.284106
-0.387623
-0.395848
-0.628643
-0.711085
-1.13607
-1.06658
-0.92485
-1.34509
-1.00077
-1.35773
-1.62296
-1.3843
-1.18604
-0.157358
-0.306224
-0.612933
-0.383968
-0.215606
0.112232
0.103933
0.0915592
0.181093
0.31891
-2.2828
-2.2533
-2.01219
-2.12503
-2.14682
-2.16286
-2.02355
-1.69368
-1.36996
-1.73529
0.140532
0.321076
0.246278
-0.209065
0.0841019
-0.210562
-0.224319
-0.650589
-0.195528
-0.161641
-0.0251067
0.071867
-0.144308
0.258849
0.401898
0.36971
0.339503
0.287986
0.300609
0.292388
0.899988
1.08297
0.98983
0.813868
0.91986
0.891816
0.898932
1.05886
1.04811
1.0383
0.102314
0.336021
0.211214
0.604688
0.567839
0.762915
0.880285
0.792979
0.617052
0.622764
-0.536794
-0.635434
-0.404802
-0.525252
-0.519156
-0.267581
-0.19653
-0.283322
-0.358441
-0.558087
0.440629
0.392094
0.182255
0.367089
0.434897
0.241667
0.17481
0.296046
0.345842
0.507539
0.363862
0.180735
1.14621
1.06444
0.983515
0.378794
0.781543
1.14119
0.951289
0.609139
2.11705
2.17604
2.47226
2.43536
2.46036
2.13882
2.55577
2.44801
2.02008
1.91176
1.07144
1.01691
1.05437
0.985242
0.761974
0.81867
0.933507
0.642291
1.4144
1.52271
0.52108
0.371
0.170493
0.0367178
0.147877
0.531169
0.410172
0.609599
0.693649
0.570756
-0.0313526
-0.170803
-0.0474919
0.196099
0.153676
0.152394
-0.124033
-0.0172167
0.145342
0.224386
-1.25959
-1.6333
-1.98934
-1.94466
-1.60347
-1.52276
-1.2877
-1.38554
-0.992927
-0.928971
-0.493583
-0.405879
-0.399614
-0.539866
-0.555604
-0.670589
-0.614489
-0.512784
-0.31825
-0.447838
-0.377117
-0.287559
-0.349121
-0.783886
-0.910268
-0.0320426
-0.376276
-0.358737
-0.782021
-0.313244
-0.871239
-0.694157
-0.642445
-0.440488
-0.46365
-0.713465
-1.30434
-1.58019
-1.37338
-1.35235
-0.974142
-0.840526
-1.02428
-0.997822
-1.31364
-0.890007
-1.15313
-1.30206
-1.25161
-0.604353
-0.877688
-0.267116
-0.188782
-0.455361
-0.50639
-0.509489
-0.552761
-0.425752
-0.859218
-0.880556
-1.87577
-1.4131
-2.0476
-2.24059
-2.09173
-2.06481
-2.02794
-1.51312
-1.42957
-1.37993
-1.74163
-1.97133
-2.02437
-1.92823
-2.19853
-1.8023
-1.70649
-1.52891
-1.74971
-1.80627
-1.6957
-2.26524
-2.24235
-2.20993
-1.95011
-1.91861
-2.44316
-2.09495
-2.1286
-2.01089
-1.02083
-0.872008
-1.05542
-0.995281
-0.819795
-0.640515
-0.423341
-0.460351
-0.570604
-1.02129
-1.42083
-0.752793
-0.285369
-0.777563
-0.879726
-0.848616
-0.907457
-1.08289
-1.02579
-1.32763
-0.847898
-0.585726
-0.427102
-0.773737
-1.39182
-0.945769
-0.414676
-0.560661
-0.5195
-0.741815
-2.12042
-2.08933
-1.66572
-1.76604
-2.14604
-2.09787
-1.96714
-1.47434
-1.58557
-1.90575
-1.96817
-2.34486
-2.37827
-2.33415
-2.138
-1.67733
-2.04139
-2.48346
-1.95247
-1.8758
-0.0259529
-0.0311206
-0.222546
-0.374722
-0.444496
0.0335015
-0.634528
-0.49996
-0.448832
-0.513155
0.224341
0.390836
0.47713
0.398325
0.23048
0.342064
0.247796
0.0066864
0.344584
0.611031
-0.0203073
0.351353
0.244133
0.398109
0.57292
0.280478
0.0668401
0.0961421
0.00365279
0.0787727
1.06711
0.678722
0.269727
0.312187
-0.0507654
0.117404
0.521723
0.666676
0.829255
0.967344
2.7876
2.8422
2.81276
2.9316
2.99125
2.81966
2.64448
3.15546
3.04056
2.72442
2.34596
2.17201
1.91344
2.31892
2.05457
2.33954
2.22375
2.3051
2.12134
2.29373
1.45696
1.51278
0.792533
0.642735
0.669495
0.478353
0.957679
1.46757
1.1789
1.32883
-0.178841
-0.924634
-1.16387
-0.661474
-1.11468
-0.652146
-0.678521
-0.167091
0.51942
0.324298
-0.372454
-0.216086
-0.121208
0.140088
-0.165843
-0.439488
-0.606118
-0.242782
0.285283
-0.144507
-1.51277
-1.26245
-1.40947
-1.18939
-0.870738
-0.822621
-1.31608
-1.19851
-1.18321
-0.962934
-2.19233
-2.32725
-2.22644
-2.35535
-2.38857
-2.58663
-2.505
-2.36685
-2.47226
-2.21212
-2.63767
-2.81108
-2.76413
-2.82454
-2.79402
-2.535
-2.1722
-2.33128
-2.55367
-2.98037
-3.44104
-2.93573
-2.84888
-2.80671
-3.07696
-2.84789
-3.04826
-3.40123
-3.68229
-3.60308
-2.36485
-1.87745
-1.31667
-1.44705
-1.64814
-1.62554
-1.93973
-1.78524
-1.93653
-1.81015
-0.812335
-1.08787
-1.10281
-1.59177
-1.4774
-1.84049
-1.58089
-1.11116
-0.809035
-0.699656
0.488793
0.558759
0.351433
0.282339
0.152314
0.253455
0.477802
0.390002
0.480008
0.528463
-0.794158
-0.78487
-0.621326
-0.382674
-0.400316
-0.115623
-0.518821
-0.718754
-0.858682
-0.738404
-0.961816
-0.853278
-1.37076
-1.12719
-1.26243
-1.27989
-0.902752
-1.03258
-0.767145
-1.08053
-1.20577
-1.23373
-1.13028
-0.993345
-0.983101
-1.44922
-1.80631
-1.60678
-1.26389
-0.943825
-1.4456
-1.25301
-1.05452
-1.0054
-1.17576
-1.24879
-1.25244
-1.33181
-1.95969
-1.6962
-1.00031
-0.932569
-0.468718
-0.472278
-0.187061
-0.640194
-0.51884
-0.767602
-1.09592
-1.23258
-0.031272
-0.0834158
-0.0669862
-0.0779749
-0.355601
0.0303259
0.155751
0.24231
0.223806
0.178913
1.6448
1.93498
1.69551
1.27706
1.33171
1.40637
0.932836
1.22508
1.54077
1.35296
2.00908
1.76202
1.72814
1.69115
1.22877
1.02537
2.06982
2.14116
2.04015
2.10598
1.48571
1.75367
1.84709
1.78586
1.61497
1.70595
1.26469
1.4288
1.17912
1.47439
1.68486
1.60512
1.43497
1.5982
1.43871
1.41676
1.89421
2.09154
1.81216
1.78236
0.0332112
0.0834108
0.0438584
0.332222
0.100454
0.0664942
0.43196
0.556604
0.138632
-0.0707349
0.475315
0.831746
0.727508
0.549907
0.618498
0.588547
0.908891
1.31202
1.3079
0.922375
1.29192
1.25118
0.648983
1.05711
1.15389
1.14723
1.16878
1.03043
1.08506
0.873387
0.143441
-0.0393774
0.0995321
0.0510072
-0.0966184
0.468705
0.262134
0.143099
-0.0556503
0.0901212
2.16557
2.49553
2.10716
2.0105
1.78258
2.15198
2.13856
2.24215
2.21958
2.21059
1.2757
1.40045
1.504
1.42443
1.77999
1.54794
1.79213
1.42026
1.48819
1.55461
0.203577
0.564568
0.756435
0.667523
0.79409
0.973015
0.708514
0.646772
0.474773
0.459703
1.05268
0.920852
0.805847
0.718714
1.09475
1.36887
0.989692
1.23802
1.37247
1.27484
0.718509
0.76055
0.643258
0.665301
0.62826
0.323327
0.241562
0.0528038
0.320319
0.932864
0.395636
0.638544
0.602581
0.758768
0.672722
0.464185
0.378987
0.41398
0.392464
0.380315
0.611003
0.488854
0.476233
0.927415
1.14039
0.833883
1.26147
0.865481
1.02
0.940605
-0.981258
-0.615933
-0.676027
-0.122379
-0.295771
-0.12249
-0.222986
-0.310696
-0.446655
-0.876428
-0.202903
0.400652
-0.178529
0.194444
0.255941
-0.198162
0.0405582
-0.248353
-0.180556
-0.534532
-1.37141
-1.59268
-1.04865
-0.916403
-1.06701
-1.04004
-1.06581
-0.704659
-0.568778
-0.71809
0.670414
0.743209
0.888435
0.84695
0.465279
0.243313
0.215341
0.455116
0.402692
0.472904
2.55288
2.38822
2.27237
2.25485
2.34511
2.61696
2.81493
2.54612
2.49344
2.47851
1.75844
1.72771
1.99914
1.99348
1.91302
1.71941
1.29084
1.37414
1.20003
1.33385
0.888876
1.04823
0.780813
0.911945
0.966612
0.736801
0.610195
0.417912
0.678473
0.824403
1.48714
1.21742
1.04985
1.08304
0.985693
1.08867
1.19728
0.8878
1.12804
1.41122
-0.356295
-0.434922
-0.258386
-0.188681
-0.328558
-0.0751071
0.0107045
-0.0707486
-0.593947
-0.724082
0.389599
0.536524
0.624493
0.707923
0.62474
0.31839
0.4214
0.502201
0.276874
0.304838
0.161852
-0.145836
0.0793697
-0.110566
-0.188218
-0.467543
-0.571224
-0.228387
0.185424
0.0827282
1.02474
1.11827
0.736954
1.04769
1.00301
1.231
1.31644
1.08979
1.06963
0.730031
1.23321
0.845277
0.942629
1.30768
1.45163
1.32633
1.39087
1.58825
1.59318
1.66342
-0.725884
-0.476885
-0.319349
-0.546277
-0.398222
-0.626693
-0.874905
-0.893393
-0.85155
-0.483743
-1.10072
-1.15483
-0.699897
-0.901025
-1.05556
-0.935438
-1.04813
-1.42232
-0.829141
-0.945123
-0.583664
-0.593528
-0.103538
-0.603862
-0.600616
-0.514707
-0.366569
-0.0829378
-0.596857
-0.101738
0.366571
0.0573913
0.296484
1.19686
1.18201
0.848974
0.764712
0.86282
0.896064
0.657372
-0.193667
-0.212133
0.403508
0.351094
-0.22276
0.0515261
-0.054429
0.0647731
-0.0150149
-0.11876
-0.858087
-0.645575
-0.843495
-0.871611
-0.665009
-0.569126
-0.752546
-0.364154
-0.986566
-0.595611
-0.40268
-0.846428
-0.611196
-0.495783
-0.589681
-0.751006
-0.970361
-1.05597
-0.714769
-0.42879
-1.54651
-1.69041
-1.39017
-1.59664
-1.57335
-1.44923
-1.16508
-1.47344
-1.55613
-1.53779
-0.239995
-0.187618
-0.229002
0.161753
-0.00565704
0.126724
0.0136076
-0.0514303
0.0849995
-0.137128
0.635874
0.50479
0.912141
1.26947
0.979342
0.710379
0.681113
0.322495
0.412989
0.209885
2.2434
2.01662
1.71921
1.84307
2.00936
1.83273
2.21714
2.44863
2.53949
2.5048
-0.564559
-0.296121
-0.3168
-0.480527
-0.673534
-0.848323
-0.740306
-0.650427
-0.988783
-0.557293
-0.176415
-0.387416
-0.353467
-0.330561
0.0712795
0.137849
0.591013
0.27601
0.116271
-0.330722
-1.36588
-1.48016
-1.34692
-1.1387
-1.22931
-1.36735
-1.49003
-1.49549
-1.55397
-1.47347
-0.110382
-0.418206
-0.289526
-0.4443
-0.530087
-0.697543
-0.969524
-1.12371
-0.794026
-0.41383
-0.37506
-0.303923
-0.149392
-0.237082
-0.192044
-0.26374
-0.00352844
0.233723
-0.269665
-0.346107
-1.25701
-1.18344
-1.00149
-1.22163
-1.20045
-0.53261
-0.670031
-0.450402
-0.634522
-0.900681
0.457666
0.877307
1.28241
1.3593
1.06228
0.910288
0.910138
0.669307
0.521992
0.371905
0.121951
0.132658
0.360558
0.0108786
-0.103834
-0.0811232
0.183529
0.078429
0.207148
0.645844
0.133537
-0.00378615
-0.167608
0.0432728
-0.0148917
0.189396
-0.207449
-0.0657967
-0.23676
-0.148826
0.288633
-0.0473719
0.0547066
0.304016
0.346478
0.351898
0.774933
1.07274
0.351897
0.400603
1.72834
1.34178
1.47927
1.60921
1.44015
1.55767
1.38031
1.71308
1.58491
1.41868
1.32596
1.23384
1.13442
0.951799
0.708364
1.17503
1.1357
1.1125
1.22097
1.29567
0.581749
0.617796
0.567425
0.538925
0.560457
0.37002
0.45774
0.405682
0.449681
0.526742
1.04658
1.00395
1.06078
0.94102
0.790324
0.945098
0.956732
1.05873
1.116
1.2756
1.24711
0.973786
0.986315
0.987524
1.3655
1.23345
1.15095
1.0496
1.18016
0.958445
-0.570463
-0.250125
-0.0737276
0.109843
0.294991
-0.0322863
0.391855
0.422586
0.0507209
-0.151418
-0.563266
-0.179157
-0.362263
0.141582
-0.200394
-0.239542
-0.667779
-0.936953
-0.692334
-0.817563
-0.547242
-0.862397
-0.935966
-0.879032
-0.72387
-0.87527
-0.492645
-0.542849
-0.610908
-0.46974
0.213001
0.548242
0.47983
0.388332
0.226242
-0.145352
0.345823
0.349287
0.337704
0.321605
2.38878
2.46383
2.80219
2.24846
1.74417
2.21396
2.32125
2.3273
2.39275
2.6678
1.60946
1.46859
1.1232
1.3478
1.05859
0.915399
1.0477
0.627139
0.694519
1.31462
0.891475
1.25639
0.644074
0.39695
0.725924
0.544148
0.768074
0.706187
0.620224
1.1248
1.28413
1.13372
0.831613
0.38053
-0.019957
0.557775
0.762322
0.53716
0.762093
1.00102
1.63717
1.3196
1.77768
1.6644
2.20184
2.23444
2.46713
2.08905
1.82278
1.7224
1.73001
1.47272
1.31397
1.30822
1.36076
1.71935
2.27976
2.35241
2.0426
1.94939
0.768323
1.00415
0.648153
0.560364
0.660517
0.938404
0.914947
1.26967
1.00982
0.74303
1.08491
0.920145
1.09081
1.06028
0.800077
0.633269
0.736571
1.05853
1.37225
1.52833
1.72972
1.3338
1.30849
1.05661
1.13275
0.856141
1.23648
1.30211
1.41736
1.71771
-0.590518
-0.559514
-0.10012
0.317833
0.796954
0.410028
0.459798
0.159221
-0.109199
-0.272579
0.715688
0.958088
1.19108
0.953628
0.709333
1.19634
0.718977
1.29245
0.971916
0.590519
-0.249766
-0.470736
-0.6801
-0.418982
-0.207471
-0.454303
-0.546942
-0.3899
-0.542223
-0.146486
-0.898282
-0.945368
-0.812934
-0.282049
-0.554203
-0.934
-1.04975
-1.23978
-1.07937
-1.19544
-0.183327
0.0188751
0.153177
0.0844302
0.356015
0.161428
0.307228
-0.580964
-0.233906
-0.109939
0.319844
0.354849
0.769113
0.35413
0.733432
0.326299
0.190146
0.236917
-0.0353437
-0.0104993
-0.082021
-0.306205
-0.145379
0.331225
0.425075
0.520792
-0.0825075
-0.173298
-0.0823264
-0.169958
0.476348
0.144912
0.151477
0.634215
0.384852
0.0368439
0.405246
0.482618
0.31732
0.509548
-0.441937
-0.787479
-0.408685
-0.0408176
-0.424326
-0.0873581
-0.37568
-0.45948
-0.640753
-0.895342
-0.767615
-0.563531
-0.423755
-0.274247
-0.213849
-0.311904
-0.824054
-0.968637
-1.07339
-0.895178
-0.0117557
0.0394412
0.118597
-0.218831
-0.172282
-0.21909
0.0461644
-0.368381
-0.331881
-0.402527
0.386017
0.130571
-0.1371
-0.297302
-0.746766
-0.808096
-0.713677
-0.694399
-0.504886
-0.398986
0.337091
0.200811
-0.223769
-0.0800654
-0.120552
-0.000210568
-0.0568155
-0.0675715
0.295694
0.212796
-0.416542
-0.737188
-1.01804
-0.821859
-0.669305
-0.783565
-0.792043
-0.698962
-0.307611
-0.373299
-0.0923758
0.0488147
-0.233267
-0.179667
-0.196867
-0.146397
-0.416157
-0.478641
-0.334618
-0.138194
1.3903
1.59329
1.50756
1.64861
1.84226
1.86495
2.14299
2.31301
1.94986
1.37792
2.29639
2.2602
2.01653
1.91676
2.04295
2.3479
2.6502
2.43733
2.29207
2.00819
0.387053
0.0656861
-0.103067
0.234792
0.284113
0.153956
-0.0293696
0.105017
0.144428
0.511154
0.160906
0.311822
0.493196
0.878568
0.941884
0.39501
0.737453
0.686805
0.600795
0.579871
-0.241145
-0.314161
-0.0738164
-0.422286
-0.428331
-0.121586
0.123701
-0.450381
-0.490036
-0.0837311
-0.879297
-1.15563
-1.1029
-0.705535
-0.599922
-0.633978
-0.859742
-1.2713
-1.18533
-0.890291
0.951041
0.539667
0.825982
0.732349
0.348349
0.0447393
0.341624
0.391917
0.63973
1.08044
0.704661
0.872178
0.746838
1.11545
1.38076
1.06369
0.833383
0.989981
1.15703
1.02141
1.05399
1.27936
1.15393
1.45419
1.60604
1.52978
0.957528
1.34849
1.16722
1.04673
0.835359
0.864025
0.951296
1.35281
1.08524
1.24941
0.935312
0.973186
0.989735
0.698109
0.784457
0.848638
0.793851
1.29972
1.3187
1.09397
0.993018
0.927902
0.8305
1.02989
1.60205
1.78923
1.50409
1.21139
1.14861
0.966727
0.642208
0.465432
1.21647
1.53118
1.92603
1.29978
1.16235
1.44724
1.38721
1.48684
1.36409
1.38653
1.34932
1.8386
0.46699
0.438666
0.268658
-0.0136853
0.210361
-0.0441763
-0.234456
-0.160037
-0.139658
0.00859896
0.0415015
0.348017
0.405434
0.284079
0.447127
0.575309
0.283711
-0.0145504
0.148876
0.0664392
-0.459289
-0.578469
-0.490657
-0.865712
-0.649294
-0.577931
-0.447476
-0.402693
-0.708117
-0.598912
0.60359
0.111955
0.0916923
-0.0357117
-0.184794
-0.0678484
-0.248817
-0.116785
0.156154
0.0703122
-0.10572
-0.010251
-0.144192
0.191614
-0.117926
-0.530025
-0.209732
0.0328653
-0.0800781
-0.0203921
0.251395
-0.422097
-0.0577236
0.248606
0.600935
0.254928
0.0280651
-0.423492
-0.232802
-0.270536
0.836768
0.784294
0.567302
0.373265
0.13794
0.521291
0.695406
0.32656
0.654417
1.04316
1.56468
1.75668
1.84353
1.66324
1.86316
1.71522
1.52563
1.85031
1.69811
1.90203
-0.170642
-0.379583
-0.527864
-0.574598
-0.357825
-0.799139
-0.760892
-0.694048
-0.467641
-0.601308
-0.38656
-0.130558
-0.17478
-0.259151
-0.0860695
0.0182058
-0.0975038
-0.217994
-0.163532
-0.206456
0.488399
0.833929
0.5011
0.842061
1.00789
0.876747
0.954604
0.769219
0.571848
0.649896
-0.384449
-0.30586
-0.329585
-0.339631
-0.36675
-0.157741
-0.246716
-0.49947
-0.16575
-0.521172
0.430378
0.791369
1.14916
0.901012
0.965585
1.05
1.1642
0.574258
0.473991
0.569097
0.94463
1.23223
0.855932
0.453992
0.453177
0.728857
0.517776
0.261249
0.0238597
0.864409
1.99574
2.07142
1.17927
1.41105
1.24244
1.86334
1.8567
2.07991
2.31558
1.874
0.125563
0.0317012
0.308621
0.459834
0.304269
0.0109884
0.175476
0.496981
0.373444
0.0842783
-1.23345
-1.61354
-1.77374
-1.77512
-1.6782
-1.02721
-0.797193
-0.959572
-1.10122
-1.05451
-0.926878
-0.855053
-0.736637
-1.01106
-1.33341
-1.5784
-1.42628
-1.39587
-1.8161
-1.55514
0.624674
0.64421
0.288412
0.429197
0.796411
0.881553
0.655022
0.459637
0.346181
0.733692
0.162522
-0.0307061
-0.16761
-0.329818
-0.475139
-0.218526
0.396246
0.350335
0.248194
0.274619
1.74823
1.98532
2.43286
2.43128
2.41572
2.60576
2.8399
2.25059
2.11683
1.83316
3.33972
3.24886
2.84258
3.05032
3.43028
3.37046
3.36709
3.83128
3.38607
3.29456
2.19961
2.73864
2.68256
2.70785
2.60385
2.61628
2.77318
2.70754
2.28763
2.09808
0.0756284
-0.232961
-0.355016
-0.345303
-0.519623
-0.0518878
0.0713673
-0.427761
-0.244407
-0.177791
1.11355
1.58697
1.56783
1.07456
1.19292
1.23975
1.30683
1.37999
1.22749
1.30111
1.54683
1.42833
1.53633
1.47633
1.45683
1.02238
1.19549
0.952667
1.23902
1.36501
0.786821
1.0076
1.02354
1.14408
0.898588
0.993427
1.36978
1.22315
1.02402
0.834699
0.340756
0.806331
0.976461
1.15143
1.27268
0.885579
0.980579
0.408296
-0.211309
-0.0461857
0.697427
0.645574
1.13789
0.799001
0.683537
0.704535
0.602339
0.875336
0.969424
1.06503
1.60147
1.5358
1.36523
1.25085
1.25891
1.40387
1.85891
1.53786
1.46926
1.22187
1.06857
0.935582
0.508966
0.662906
0.668432
0.754303
0.439046
0.900235
0.557467
0.689694
0.119117
-0.0465463
-0.271124
-0.105898
0.200246
0.0788145
-0.0441646
0.000467731
0.263994
0.430898
-0.661611
-0.044691
-0.472928
-0.189572
-0.38175
-0.474795
-0.343603
-0.317152
-0.306721
-0.620937
-0.0518266
-0.183508
-0.396552
-0.229666
0.349857
0.112079
0.174449
0.658175
0.156248
-0.10748
-0.584442
-0.51669
-0.423011
-0.299713
-0.0832276
-0.0879547
-0.471983
-0.574875
-0.364487
-0.492274
-1.43605
-1.33656
-0.8446
-0.823294
-0.734439
-0.961988
-1.17159
-0.998351
-0.638417
-0.598903
-1.58315
-1.38359
-1.36717
-1.22609
-1.42016
-1.83495
-2.14667
-1.59096
-1.18253
-1.55967
-1.34297
-1.14064
-1.25022
-1.87006
-1.67935
-1.86722
-2.07875
-2.02774
-1.65565
-1.45046
-1.22485
-1.25002
-1.14653
-1.09569
-1.3386
-1.22566
-1.77836
-1.385
-1.37544
-0.962138
-1.88689
-1.89433
-1.37688
-1.33574
-0.843456
-0.785028
-0.914287
-0.811588
-1.10556
-1.62961
0.439712
0.250524
0.256081
0.290498
-0.0898809
0.195016
0.201891
-0.0322809
0.174982
0.310679
0.0592647
0.0225728
0.441841
0.124126
-0.10028
0.00960773
-0.481169
-0.493645
-0.337534
-0.486461
0.422088
0.49313
0.269336
0.526482
0.198534
-0.0308564
-0.0407064
-0.313933
0.0211067
-0.0315601
-0.318958
-0.36619
-0.0872302
-0.0833798
0.265625
0.498152
0.330907
-0.150156
-0.409975
-0.220972
-0.795164
-0.756329
-0.803159
-1.07728
-1.08331
-1.07823
-1.51876
-1.58774
-1.30978
-0.797057
-1.07915
-0.633837
-1.17529
-1.0768
-0.861492
-0.491575
-0.716628
-1.07574
-1.04292
-1.37406
-0.35668
0.263744
0.370329
0.341865
0.111677
-0.61285
-0.427192
-0.374913
-1.03807
-0.561596
-2.12396
-2.05818
-2.03027
-2.20967
-1.90727
-1.99091
-1.80053
-1.98014
-2.00709
-2.00073
-1.71899
-1.77504
-1.52553
-1.30158
-1.73593
-1.66519
-1.51162
-1.45472
-1.907
-2.14645
0.321804
0.102358
0.341018
0.450359
0.198865
0.0203011
-0.165313
0.0110507
-0.216931
0.418173
-0.571233
-0.5089
-0.508139
-0.912974
-0.783394
-0.747209
-1.00589
-0.67125
-0.686567
-1.20684
-1.23159
-1.43198
-1.46452
-1.69881
-2.20083
-2.50554
-2.32943
-2.22551
-1.76723
-1.55871
-0.928226
-0.730404
-1.07021
-1.07647
-0.794516
-0.63574
-0.425304
-0.333186
-0.343189
-0.859886
-1.0227
-1.0341
-1.29574
-1.54707
-1.34945
-1.27304
-1.34578
-0.916595
-0.952537
-1.33069
-0.055417
-0.208215
-0.239682
-0.0394709
-0.402988
-0.386516
0.0434562
0.111207
0.302302
0.189414
-0.0123547
-0.127497
-0.0313039
0.088896
0.357813
-0.332143
-0.49044
-0.361169
-0.0275899
0.248289
0.698967
0.650015
0.27286
0.324958
0.926665
0.773346
0.487289
0.588792
0.453973
0.721323
-0.0931764
0.355702
-0.0983414
0.277374
0.115857
0.109949
-0.00280185
0.17572
0.136564
-0.04694
-0.534183
-0.133999
-0.46363
-0.661117
-0.66953
-1.10836
-1.0481
-0.645448
-0.735997
-0.743946
0.744986
0.601289
0.559228
0.641878
0.710183
0.73846
0.690144
0.747342
0.621238
0.4405
-0.522617
-0.375706
-1.00369
-0.852978
-0.999053
-0.690614
-0.682552
-0.654869
-0.442954
-0.171415
-0.61399
-1.04823
-1.24391
-0.929095
-0.893057
-0.934205
-0.685055
-0.508015
-0.145323
-0.610687
0.489101
0.315838
0.23956
0.337164
0.437496
0.104726
-0.199685
-0.227633
-0.0694938
0.0845085
-1.3407
-1.50917
-1.54747
-1.52657
-1.46351
-1.19042
-1.63
-1.48747
-1.45233
-1.24367
-1.06764
-1.19555
-1.11562
-1.59942
-1.25583
-1.42145
-1.0466
-1.26966
-0.918193
-0.739378
-1.30226
-1.20874
-1.02256
-1.53393
-1.50145
-1.434
-1.87243
-1.4276
-1.44018
-0.904428
-0.200184
-0.0722415
-0.223587
-0.0437553
0.270843
0.092058
-0.122714
0.116421
0.0282735
-0.325795
1.29865
1.49101
1.68837
1.52271
1.38548
1.56735
1.50316
1.43681
1.29273
1.69144
1.63205
1.63947
1.617
1.62013
1.87371
1.99423
1.63105
1.61017
1.52398
1.82771
2.74734
2.46768
2.31508
2.61135
2.57301
2.64657
2.69539
2.78905
3.17744
2.8458
2.62665
2.97356
3.57754
3.23499
3.26511
2.59922
2.46574
2.55688
2.91508
3.26397
2.4577
2.31608
2.40111
2.5433
2.29537
2.39827
2.76085
2.47585
2.51082
2.4576
1.04354
1.23162
0.858841
1.14096
1.66452
1.25145
1.35382
0.966858
0.818928
1.22738
0.93132
1.12557
1.29286
0.998362
0.857784
1.03596
1.13006
1.09366
0.78131
0.826733
0.0777447
0.167562
0.0261743
0.128283
0.428518
0.60385
0.739334
0.523278
0.781502
0.256114
1.35194
1.47984
1.25646
1.45983
1.36613
1.45081
1.32614
1.78286
1.06629
0.953892
1.72298
1.90311
1.71595
1.70598
1.72698
1.72625
1.90726
1.78297
2.02849
2.00402
0.757197
1.14139
1.76513
1.12643
1.53838
1.23326
1.17701
1.00863
1.31537
1.07734
2.02924
2.18293
2.20459
2.42623
2.29364
2.66053
3.03803
2.61575
2.50451
2.23814
1.43792
1.91638
1.46882
1.74101
1.54621
1.50223
1.68168
1.82585
1.30648
1.72361
1.2097
1.18513
1.18833
1.15131
1.12816
1.15354
1.5329
1.49494
1.26987
0.931892
1.03571
0.969271
1.45652
1.49548
1.03611
1.30671
1.52792
1.67048
1.49382
1.29589
0.892072
1.02628
1.40688
0.687418
0.615942
0.0941174
-0.069316
0.0895568
0.220335
0.796533
0.933104
1.01508
0.929566
0.790111
1.03232
1.01494
0.801583
0.936809
0.55108
0.73998
0.835136
1.18673
1.20871
1.13661
0.724075
0.691021
0.611548
0.695686
0.796423
1.18724
0.0538746
0.269104
0.15411
0.144675
-0.185036
-0.102471
-0.193955
-0.358455
0.0561136
-0.0831821
0.881769
0.664744
1.06082
0.812471
0.600002
0.557908
0.186598
0.405295
0.69526
1.16631
1.09242
1.33882
1.27713
1.43558
1.62263
1.6597
1.24739
0.826428
0.897544
1.05449
0.0127233
-0.207791
0.196187
0.31313
0.439226
0.465869
0.268463
0.244273
0.112206
0.0375656
-1.64772
-1.59473
-1.65142
-1.40685
-1.97379
-1.9925
-2.36586
-2.44572
-1.95204
-1.79306
-0.471151
-0.471361
-0.545483
-0.65306
-0.663666
-0.287895
-0.165848
-0.67008
-0.851602
-0.748784
-0.91548
-0.889551
-0.655759
-0.8136
-0.908708
-0.689382
-0.583097
-0.258041
-0.621633
-0.736873
1.40916
1.15896
0.709636
1.11778
0.814685
0.735871
0.673165
0.858134
1.00526
1.10793
0.330155
0.302446
0.404393
0.0817199
0.136626
0.232147
0.0878259
0.133665
0.309255
0.177546
-0.356619
-0.525503
0.16165
0.715064
0.758921
0.580269
0.225014
0.119786
-0.260795
-0.201459
0.312546
0.594009
0.0844017
-0.275389
-0.0897064
-0.00972915
0.226948
0.170496
0.47768
0.691627
1.30836
1.31396
1.23055
0.963423
1.25959
1.47089
1.61678
1.76759
2.14615
1.929
0.790327
0.765052
0.999777
0.999102
0.712765
0.74063
1.1245
0.710905
1.05911
0.791938
0.939091
1.0181
0.850663
1.14903
0.541155
0.587132
0.225494
0.513336
0.8428
0.693082
0.518438
0.407535
0.334776
0.0539668
0.337021
0.639567
0.438125
0.35455
0.428457
0.882511
-0.0286752
0.112395
-0.376493
-0.624346
0.0452333
-0.136764
0.185637
0.315798
0.559066
-0.0702301
1.17054
1.11624
1.00504
1.07862
0.892329
1.13816
0.607521
0.760157
0.820396
0.85665
-1.29829
-1.52212
-1.27286
-1.00887
-1.29516
-1.27781
-1.20774
-1.0299
-1.01705
-1.12067
-1.34181
-1.17488
-1.12026
-1.00035
-0.570374
-0.681128
-0.488444
-0.281076
-0.758106
-1.1669
-1.51248
-1.62977
-1.44063
-1.61597
-1.31009
-1.19263
-1.26054
-0.980225
-1.21595
-1.48137
-0.699814
-0.878558
-0.757347
-0.659746
-1.07679
-1.03487
-1.10934
-1.18643
-1.10356
-0.945346
-1.39832
-1.15253
-1.31855
-1.48283
-1.48487
-1.33391
-1.54463
-1.35697
-1.58106
-1.15597
-0.577363
-0.114754
-0.530855
-0.570777
-0.441664
-0.474536
-0.796328
-0.705734
-0.619053
-0.838173
-0.617882
-0.444069
-0.247794
-0.31838
-0.0982938
0.0395163
-0.317385
-0.159337
-0.70734
-0.72096
1.17089
0.910129
1.40502
0.755257
1.01442
0.960828
0.664249
1.03978
1.33023
1.01775
0.577518
0.602266
0.315095
0.052528
0.08415
0.216161
0.0575881
0.324327
0.500875
0.642397
0.00512567
-0.33805
-0.325523
-0.505041
-0.41375
-0.195636
-0.318788
-0.432613
0.119465
0.244957
1.46986
1.24398
0.74871
1.01362
1.06753
0.606715
1.11239
0.902517
0.993186
1.20443
0.711281
0.617257
0.522789
0.218321
0.0398299
-0.104119
0.265722
0.58527
0.58399
0.510932
0.583995
0.559519
0.409661
0.742548
0.677222
0.560333
0.412847
0.782122
1.07313
0.834946
-0.148031
-0.693135
-0.0552186
0.294029
0.364945
0.334221
-0.25585
0.319155
0.247159
0.122299
0.124563
0.389109
-0.21712
-0.466308
-0.545608
-0.463434
-1.18455
-0.775213
-0.231837
0.0957312
-1.16991
-1.34144
-0.9344
-1.38035
-1.03538
-0.599478
-0.681013
-0.992646
-0.807441
-0.862561
-2.11015
-2.13452
-2.11295
-1.9226
-1.90019
-1.59241
-1.47063
-1.89465
-1.75794
-1.72006
-0.433274
-0.544604
-0.967435
-0.610906
-0.506096
-0.812042
-0.807751
-0.850695
-0.860783
-0.449405
-1.22827
-1.14111
-1.19488
-0.83226
-1.06372
-1.02414
-1.44705
-1.23969
-1.61926
-1.27598
-0.950619
-1.124
-0.942574
-0.326143
-0.369703
-0.472424
-0.321384
-0.447452
-1.03033
-1.12797
-0.701731
-0.451032
-0.635239
-0.84553
-0.656704
-0.539776
-0.889776
-1.1481
-1.04792
-0.960486
0.323488
0.208675
-0.43742
-0.54309
-0.483677
-0.715612
-0.507312
-0.430157
-0.678537
-0.10628
-0.620347
-0.883753
-0.469358
-0.167577
-0.394349
-0.894669
-0.991489
-0.884806
-0.790661
-1.16873
-1.72402
-1.85382
-1.68899
-0.930725
-0.298116
-0.494738
-0.865122
-1.01625
-1.12009
-1.36589
-1.48888
-1.19839
-1.61198
-1.27508
-0.944875
-1.01065
-1.14113
-1.03661
-1.11777
-1.53325
-0.0294262
-0.391279
-0.562713
-0.546218
-0.141376
-0.505787
-0.391672
-0.945944
-0.46553
-0.306937
-0.477851
-0.226256
-0.322023
-0.0584711
0.0351009
0.0482577
0.0313486
-0.50041
-0.813722
-0.558883
0.447859
0.670735
0.848293
0.637397
0.192671
0.147561
-0.0349629
0.0458305
0.129976
0.439422
0.71926
1.22552
1.08666
1.24811
1.13797
1.01571
1.17647
1.0798
0.483606
0.469738
2.18073
2.08173
1.55281
1.8907
1.78126
1.7769
2.18544
2.00474
2.17123
2.1537
1.1606
1.34181
0.943779
0.385865
0.310415
0.579488
0.963721
0.86417
1.03004
1.03549
0.470197
0.865342
1.30023
1.2978
0.989796
1.21224
1.08
1.35438
0.830379
0.331958
0.692329
1.19346
1.11826
1.45096
1.84656
1.75532
1.81244
1.20948
1.01582
0.770388
1.37583
1.11004
1.26891
1.25919
1.53181
2.03805
1.50758
1.77355
1.27894
1.45212
1.06776
0.846638
0.656213
0.420196
0.582968
0.322856
0.434944
0.486903
0.469457
0.625441
-0.75936
-0.766885
-0.775242
-0.859806
-0.806575
-0.853519
-1.03798
-0.968248
-1.16205
-0.889912
-1.76668
-1.52287
-1.46362
-0.798338
-1.11801
-1.69921
-1.75225
-1.26946
-1.20334
-1.4899
-1.77994
-1.81827
-1.71052
-1.91359
-2.02268
-1.73247
-2.08345
-1.87252
-2.17887
-2.14799
-2.24819
-2.74144
-2.6074
-2.94421
-2.84829
-2.73987
-2.80106
-2.85257
-2.33665
-1.74502
-2.62312
-2.82972
-2.4237
-2.7645
-2.51773
-2.61784
-2.80374
-2.4076
-2.08513
-2.21627
-2.12696
-2.44586
-2.29088
-2.02116
-1.93181
-2.12032
-2.11284
-1.98321
-1.99887
-2.2531
-1.42816
-1.27868
-1.2836
-1.14485
-1.43218
-1.26846
-1.27449
-1.38236
-0.9856
-1.04853
-1.01524
-0.980636
-1.17869
-0.90275
-1.07459
-1.37507
-1.28575
-1.64035
-1.13563
-1.44234
-1.5719
-1.48543
-1.13823
-0.781265
-0.787293
-0.923319
-0.706742
-1.48196
-1.60767
-1.45977
-1.59234
-2.07969
-2.46602
-2.34412
-1.8307
-1.72467
-1.96254
-1.79911
-1.89917
-1.63271
-1.67336
-1.60011
-1.70026
-1.85224
-1.70203
-1.29164
-1.71276
-1.74039
-1.74912
-1.20196
-0.436367
-0.489042
-0.306317
-0.0779274
-0.0207544
0.210763
-0.208619
-0.366389
-0.596619
-0.292372
-0.223749
-0.20842
-0.481958
-0.564275
-0.802408
-1.01578
-0.671124
-0.218225
0.0884018
-0.211125
0.346651
-0.0714796
0.169565
0.425091
0.5237
0.343899
0.298349
0.571676
0.435166
0.298978
0.438529
0.616625
0.671984
0.259406
0.27939
0.0593417
0.290826
0.155222
0.1013
0.310996
0.310396
0.114135
0.386704
0.24168
0.282017
0.335847
0.470656
0.290866
0.377613
0.396532
1.01643
0.556608
0.271248
0.32444
0.510928
0.531531
0.576385
0.79319
1.11029
0.876935
0.859626
0.767713
0.0809321
-0.254455
0.20119
-0.502393
0.0896847
0.430297
0.290429
0.679528
0.124715
0.700406
0.652074
0.877264
0.460007
-0.0268125
0.292168
-0.0795946
0.143786
0.216338
1.11838
0.73147
0.664958
0.370582
0.547307
0.560766
0.963384
0.766048
0.963305
1.21965
0.686946
0.2608
0.440126
0.174116
0.365471
-0.120259
-0.214039
0.263163
0.0819755
0.167873
1.4095
1.37564
1.18061
1.16414
1.5637
1.76199
1.46231
1.46921
1.5869
1.2592
1.31717
0.922361
0.845077
0.64626
0.702296
0.76088
0.738526
0.770127
1.28409
1.22918
1.71056
1.60678
1.25966
1.3972
1.53452
1.47936
1.46643
1.44566
1.58005
1.56203
1.18703
1.41359
1.41886
1.71669
1.31505
1.42268
1.49464
1.53262
1.21296
1.03046
0.9066
0.957828
0.536563
0.763092
0.696733
1.07765
1.18421
1.0431
0.666313
0.741327
0.77305
0.670137
0.30505
0.623459
0.581575
0.70312
0.734021
0.710766
0.485149
0.530889
0.189708
-0.402227
0.0669329
0.228414
0.0229402
0.0973145
0.36202
0.307546
0.217648
-0.0519126
0.681975
0.724697
0.811724
0.718849
0.453436
0.323304
-0.17423
0.382728
0.519801
0.630741
0.914999
0.633161
0.663947
0.0122819
-0.0789892
0.429031
0.580624
0.528817
1.00799
1.12335
1.15156
1.24176
1.57454
1.18892
1.15446
1.12528
0.734002
1.06005
0.802736
0.795321
1.52169
1.24357
0.773524
0.622637
0.91397
1.01116
0.953003
0.782204
1.08695
0.980588
0.129653
0.0894324
0.215014
0.168284
0.693889
0.0992945
0.0561507
-0.15924
0.0549606
-0.0596677
1.19244
1.51331
1.79698
1.52364
0.881847
1.06351
0.882854
0.739742
0.756695
0.67823
0.586385
0.521143
0.273085
0.237651
0.310265
-0.214388
-0.238036
0.157007
-0.0888567
0.230927
-0.296392
-0.102694
-0.0572213
-0.024011
0.0220311
-0.0666484
0.109351
-0.481462
0.232034
-0.0289581
0.317176
0.107652
0.0751237
-0.164698
-0.37094
0.245468
0.396735
0.183246
-0.151233
0.31912
0.696106
0.899383
0.76093
0.671521
0.494548
0.575518
0.396906
0.747245
0.759738
0.589573
0.301683
0.421626
0.217973
0.201463
0.384244
0.320793
0.425902
-0.0430074
0.378871
0.522154
-0.573744
-0.935639
-0.771669
-0.563304
-0.0271707
-0.055046
-0.473451
-0.673921
-0.632902
-0.555842
0.412438
0.690378
0.563843
0.357934
0.668958
0.672411
0.617401
0.368182
0.306154
0.0952519
0.982064
0.58133
0.354234
0.715135
0.0868335
0.0782492
0.572976
0.382298
0.341722
0.337145
1.77802
1.97339
2.00717
1.94919
2.18343
1.83321
2.20925
2.64021
2.22316
1.83749
0.0185248
-0.108918
-0.0017263
0.251423
0.263583
0.161918
0.149481
-0.0698422
-0.510016
-0.245294
-0.775447
-0.52185
-0.178707
-0.364211
-0.434759
-0.386649
-0.108903
-0.290418
-0.598512
-0.489906
0.833308
1.02391
1.16582
1.20455
1.35253
1.01736
0.554228
0.990669
0.957101
0.687241
0.586273
0.421111
0.669333
1.07329
1.29901
1.41614
0.998003
0.93051
0.85009
0.762436
-0.627033
-0.639216
-0.563547
-0.714824
-0.645587
-0.681155
-0.677432
-0.0588196
-0.43025
-0.307731
-0.695824
-0.810841
-1.12699
-0.861526
-0.667011
-0.300576
-0.021349
-0.497736
-0.7486
-0.439905
-1.07174
-0.863346
-1.26598
-1.17054
-1.26885
-1.01898
-1.09058
-0.977103
-1.11938
-1.35019
-0.985994
-1.12061
-1.32082
-1.26126
-1.41572
-1.21095
-0.995918
-0.598463
-0.835467
-0.623228
-0.83387
-1.20778
-1.34674
-1.12762
-1.04227
-1.3245
-0.625313
-0.591308
-0.713745
-0.589972
-0.675462
-0.564533
-0.849962
-1.02878
-0.659087
-0.738559
-0.284014
-0.517207
-0.805194
-1.31219
0.685195
0.778448
1.05265
1.06712
1.02973
1.17529
0.929506
0.637364
0.824664
0.865085
0.834493
1.08466
0.877302
0.614781
0.323647
0.386379
0.843103
0.463989
0.434399
0.321775
1.23048
0.981161
0.967282
0.954116
0.67883
0.746387
0.915765
0.899222
0.835405
0.950163
0.434172
0.251679
0.826346
0.959332
1.04279
1.06628
1.46445
1.13699
1.06163
0.934193
1.46778
1.34875
0.855063
1.3287
1.39649
1.56225
1.72783
1.68821
1.5527
1.41994
1.31495
1.57525
1.77788
1.59049
1.94348
1.43652
1.57269
1.52352
1.59211
1.4778
1.96356
2.40627
2.21444
2.12385
2.37553
2.5339
2.30549
2.5795
2.23175
1.78254
1.31773
0.904787
1.56105
1.54886
1.45845
0.970379
1.01978
1.2853
1.36521
1.40928
0.210514
-0.130529
-0.110328
-0.246807
0.148809
-0.135236
0.335448
0.38082
0.25627
0.455338
-1.08854
-0.950661
-1.14343
-1.088
-1.59521
-1.47277
-0.991877
-0.980133
-0.891272
-1.29082
-0.990758
-0.80259
-0.861353
-0.650798
-0.969241
-0.933192
-0.801296
-0.640004
-0.59815
-0.788352
0.84544
0.885944
1.0492
0.659839
0.773983
0.882001
0.530593
0.391603
0.384947
0.698838
-0.172076
-0.342163
-0.236323
0.085335
0.00454374
0.335966
0.339092
0.765416
0.611231
0.182685
1.35241
1.19955
1.49531
1.81403
1.52658
1.63732
1.29833
1.45082
1.56514
1.61392
2.51401
2.10097
2.21606
2.26251
2.16957
2.04314
2.31653
2.34128
2.50836
2.4534
0.00610641
0.411373
0.780805
0.664609
0.933301
0.667061
0.592919
0.207992
0.507522
-0.0440575
0.371395
0.220658
0.207102
0.220604
0.0853991
-0.108714
-0.241497
-0.0855878
0.129732
0.17843
1.69879
1.99621
1.93347
1.33517
1.8948
1.57877
1.59521
1.33494
1.41244
1.89366
-0.157273
0.357031
0.0978237
0.21272
0.0868636
-0.270563
-0.499186
-0.246369
-0.37925
-0.469634
0.659664
0.391595
0.72368
0.232512
0.557288
0.591008
0.683009
0.494724
0.219279
0.687181
0.246214
0.637916
0.820285
0.466381
0.0894178
0.0242777
0.254883
0.521382
0.317391
0.167704
0.0658554
0.0357637
0.121998
0.0129373
0.0298135
0.426599
0.839997
0.810163
0.63213
0.71604
-1.31974
-1.04109
-1.19531
-1.46055
-1.6019
-1.25527
-0.92304
-1.07522
-1.04298
-1.35626
-0.696298
-0.650042
-0.522472
-0.642073
-0.559343
-0.461935
-0.343382
-0.577379
-0.531422
-0.71221
0.610612
0.399371
-0.194595
0.00477592
0.100407
-0.110892
-0.243548
-0.128628
0.0194362
0.394251
-0.0854225
-0.281366
-0.37654
-0.383
-0.226724
-0.164027
-0.26078
-0.0373917
-0.106336
0.275182
0.317308
0.525056
0.460763
0.427249
0.98352
0.658296
0.757004
0.598402
0.652397
0.657439
-0.74833
-0.890564
-0.387468
-0.0849363
-0.511431
-0.673227
-0.542948
-0.571569
-0.499661
-0.682393
-1.54233
-1.39534
-1.36697
-1.43996
-1.47177
-1.30461
-1.27362
-1.27984
-1.15369
-1.31655
0.216163
-0.170358
-0.493179
-0.111042
-0.39092
-0.0842681
0.0984779
-0.109064
-0.246495
0.382364
-0.33085
-0.376047
-0.486561
-0.72796
-0.433539
-0.304655
-0.776589
-0.373588
-0.490995
-0.16416
-1.68958
-1.49786
-1.50806
-1.43114
-1.02965
-1.2281
-1.2377
-1.2102
-1.49197
-1.55347
-1.39357
-1.56902
-1.2959
-1.68299
-1.57564
-1.66086
-1.19986
-1.06538
-1.04747
-1.14516
-1.88209
-1.6393
-1.51675
-1.36077
-0.982293
-1.34185
-1.44457
-1.71372
-2.10855
-1.98155
-2.80544
-2.80144
-2.8861
-2.81336
-2.69532
-2.52574
-2.5522
-2.94778
-2.73074
-2.7801
-1.31979
-1.09583
-0.821746
-0.837921
-0.896848
-1.23048
-1.18998
-1.55544
-1.56115
-1.59056
-0.91648
-0.528262
-0.461967
-0.266995
-0.37503
-0.277464
-0.0282246
-0.154632
-0.45503
-0.331901
0.168639
-0.0320143
-0.218731
-0.184671
-0.700142
-0.314959
0.314581
0.5299
0.624857
0.720361
0.776223
0.888642
0.305374
0.763551
0.388394
0.481445
0.560182
0.795079
1.26633
1.24201
-0.90152
-1.02491
-1.20224
-0.776233
-0.789444
-0.674026
-1.10052
-0.725761
-0.86591
-1.19656
-0.0439536
-0.414635
-0.392083
-0.288519
-0.963282
-0.835106
-0.426723
-0.501265
-0.660716
-0.553126
-0.25531
-0.382592
-0.344629
-0.256259
-0.31232
-0.214935
-0.041869
0.0381346
-0.0910826
-0.277803
3.14278
2.80194
3.06235
3.40585
3.46165
3.27765
2.97276
3.07527
3.01159
2.84935
1.85857
1.78388
1.94422
2.1504
2.33314
2.24463
2.32425
2.68175
2.39708
1.96282
2.60154
2.69964
2.55455
2.21797
2.33602
2.30286
2.36124
2.9023
2.8679
2.45023
2.10988
2.08829
2.06279
2.14121
1.84676
1.48304
1.40395
1.57676
1.80076
1.9022
1.08504
1.26028
1.16983
1.52542
1.55944
1.63322
1.28368
1.34748
1.0422
1.13659
1.77951
2.00459
1.51087
1.9998
1.6888
2.106
1.86117
2.11539
1.85598
1.6774
0.281055
0.571654
0.941108
0.461229
0.889993
0.572596
0.63964
0.787352
0.451978
0.445788
1.17647
1.35219
1.75805
1.98148
1.53272
1.78548
1.41898
1.32731
1.50623
1.14319
0.614252
0.481354
0.916918
0.605141
0.36914
0.548314
0.73831
0.629922
0.503258
0.582031
1.27016
0.9751
1.14128
1.01895
1.41278
1.86843
1.57801
1.77019
1.38646
1.20554
1.7431
1.77266
1.53891
2.18457
2.416
1.98437
1.57651
1.60971
1.64572
1.59782
0.649301
0.71417
0.673412
0.469234
0.345672
0.418766
0.18313
0.0915178
0.339263
0.689434
0.531046
0.347911
0.569859
0.212643
0.3255
0.221109
0.761936
0.834244
1.02996
0.889013
0.460118
0.550494
0.484557
0.874676
0.929057
0.829236
1.0237
0.955719
1.18013
0.967077
-0.545608
-0.302845
-0.156189
-0.511701
-0.985655
-0.513589
-0.567465
-0.700096
-0.956393
-0.897147
-1.23982
-1.22152
-1.02852
-1.16626
-1.31781
-1.13865
-1.86033
-1.80566
-1.66018
-1.10464
-0.998624
-1.03335
-1.32364
-1.51505
-1.02383
-0.888424
-0.42208
-0.394526
-0.523996
-0.838252
-0.814671
-0.854872
-0.954206
-1.06774
-1.15324
-1.21385
-0.779775
-0.521025
-0.917824
-0.800462
-1.67512
-1.57124
-1.61511
-1.49111
-1.91082
-2.28896
-2.2478
-1.93416
-1.9099
-1.60053
-0.627574
-0.837111
-0.930609
-1.34931
-1.66771
-1.66879
-1.09657
-1.2222
-0.821056
-0.997986
-1.29093
-1.54469
-2.05006
-1.75303
-1.86595
-1.73578
-1.26455
-1.33672
-0.92855
-0.835809
-0.99531
-1.32555
-0.935833
-1.39028
-1.56592
-1.05519
-1.00095
-0.597632
-0.999343
-1.19406
-1.95339
-2.42349
-1.89352
-1.63828
-1.72383
-1.54137
-2.00869
-1.7048
-1.64628
-1.9844
-3.09573
-2.97367
-2.61018
-2.39275
-2.49936
-2.49024
-3.07354
-3.06624
-2.72895
-2.56177
-2.24895
-2.26445
-2.24391
-2.36404
-2.55053
-2.47588
-2.1633
-2.5182
-2.12852
-2.4367
-1.80657
-2.1308
-1.58186
-1.66649
-1.40489
-1.39005
-1.44777
-2.04488
-2.23065
-2.07618
-1.74451
-1.77934
-1.31792
-1.20789
-1.01981
-1.17924
-1.31318
-1.72114
-1.98108
-1.8496
0.573078
0.321938
-0.164553
-0.24129
-0.0287567
-0.0312444
-0.0777929
0.393997
0.733308
0.819677
1.43891
1.32393
1.18858
0.782959
0.395508
0.419323
0.776559
0.880617
1.45055
1.55337
0.582472
0.68799
0.487764
0.383204
0.0292993
0.0483075
0.15095
0.343767
0.235991
0.291755
0.102848
-0.224993
-0.371161
-0.434874
-0.631434
-0.48839
0.0795653
0.435225
0.661586
0.305622
1.77798
1.38439
1.28086
1.80716
1.74059
1.93663
1.92086
1.74155
1.9038
1.87405
1.67611
1.35115
1.30784
1.34687
1.34662
1.55703
1.65853
2.36031
1.68438
1.78749
2.01967
2.15935
2.52181
2.15285
1.97276
1.76385
1.86858
1.75173
1.80698
1.92564
1.21769
1.59985
1.37696
1.26258
1.02758
0.840316
1.03333
0.677984
1.01459
1.10605
1.23926
1.52939
1.90851
1.53223
1.52959
1.55739
1.36307
1.36026
1.42856
1.2338
1.78262
1.66715
1.80167
1.5377
1.42869
1.3871
1.83731
1.8543
1.8146
1.56013
1.74248
1.84435
1.66198
1.97337
1.43439
1.48516
1.2618
1.04087
1.04016
1.2316
0.162054
-0.457329
-0.150512
-0.285746
-0.0362916
0.265719
0.0875133
0.107942
-0.341226
0.176462
-0.781808
-0.705412
0.112618
-0.2967
-0.541925
-0.27181
0.0491559
-0.121935
-0.363756
-0.680767
-1.18303
-0.843625
-0.853486
-1.1835
-1.14279
-0.859874
-1.20354
-1.01744
-1.12059
-1.25449
-0.283481
-0.155822
-0.32462
-0.024831
-0.00848276
-0.33935
-0.37885
-0.785426
-0.564235
-0.447139
0.0547714
0.0440755
0.310266
-0.283737
-0.155958
-0.015345
0.178584
-0.386937
-0.0899807
0.2558
0.00690915
0.0193287
-0.52519
-0.0783922
-0.114681
-0.213117
0.220611
0.209837
0.119872
0.591885
0.470716
0.428314
0.39107
0.516888
0.439515
-0.198953
0.407028
0.0492677
0.19882
0.385573
-0.118776
-0.0669364
-0.0260702
-0.216962
-0.415232
-0.303446
-0.10497
-0.269754
-0.15398
-0.232363
-0.664847
-0.510672
-0.0159286
-0.341801
-0.108021
-0.142278
0.0749447
-0.0960299
-0.38131
-0.496119
0.881051
0.863555
1.00107
1.02385
0.955187
1.2864
1.09678
0.936116
0.73379
0.841875
1.67272
1.48341
1.27039
1.21226
1.20464
0.969852
1.13327
1.3955
1.33529
1.54583
1.7213
1.73606
1.7514
1.84509
1.79581
1.88666
1.75376
1.58749
1.56437
1.41222
1.28743
1.44194
2.02523
1.76199
1.68583
2.2157
1.7536
2.106
2.11512
2.08404
0.426169
0.429484
0.117254
0.0697297
0.132003
0.023467
-0.307852
0.279474
0.077534
0.0912856
-0.244855
-0.609159
-0.425912
0.0312853
0.187483
-0.341421
-0.172354
-0.362002
-0.522791
-0.119455
0.449046
0.187525
-0.167514
-0.577626
-0.475672
-0.456622
0.147043
0.384486
0.488297
0.127614
0.0876095
0.491238
0.604337
0.290665
0.177646
0.387615
0.509826
0.561137
0.481628
0.698147
1.36218
1.5341
1.30955
1.18282
0.892203
1.26942
1.03189
0.883036
0.892052
0.905187
0.921083
0.871245
0.510837
0.705787
0.771517
1.16984
0.523311
0.964967
1.02325
1.08517
-0.486616
-0.525843
-0.37484
-0.477837
-0.258469
0.0154525
-0.287841
-0.487495
-0.620304
-0.383534
0.276372
0.898034
0.852715
0.503367
0.633422
0.581793
0.316343
0.231069
0.0373443
0.268722
1.32692
1.72627
2.21707
2.12517
1.99907
1.45906
1.65923
1.48119
1.563
1.28563
2.96738
2.3188
1.84721
1.95432
1.97293
1.76831
1.87605
2.01957
2.12589
2.4576
1.49358
1.15189
0.676543
1.11244
1.63788
1.23317
0.795203
0.354398
1.37808
1.06672
0.989314
0.971233
1.21798
1.22106
1.01411
0.610096
0.745364
0.679302
0.741662
1.09983
1.43961
1.63872
1.65415
1.90696
1.85416
1.53967
1.79476
2.15565
1.74291
2.16515
0.834344
0.650626
0.693232
1.3367
1.05766
0.87376
1.0633
0.802207
0.827262
1.04994
-0.240783
-0.0167031
0.257921
0.384788
0.371191
0.418612
-0.217245
-0.0676392
-0.329576
-0.249447
0.455545
0.390784
0.64975
0.798097
1.17429
0.903045
0.855849
0.651568
0.585783
0.619153
-0.243319
-0.703768
-0.0243615
0.0859608
-0.3713
-0.219889
-0.379774
-0.304138
-0.23449
0.247745
1.03562
1.25628
1.00676
0.981755
0.512924
0.413369
0.486374
0.793043
0.891113
1.01148
1.15723
1.39361
1.58348
0.947799
1.04756
1.10296
1.16428
1.22282
1.26845
0.934679
3.68379
3.85572
3.56277
2.92676
3.31111
3.38649
3.67499
3.60625
3.70795
3.524
1.48922
0.805065
1.46249
1.41746
1.85725
1.84086
2.24457
2.05981
1.51093
1.96973
-0.269693
0.107186
-0.068959
-0.331825
-0.459048
-0.203455
-0.0310933
0.0796257
-0.151688
-0.213354
-0.183659
-0.416742
-0.90007
-0.788586
-0.573307
-0.892057
-0.674537
-0.7156
-0.246878
-0.414273
-0.992961
-1.01452
-1.32295
-1.16372
-1.25543
-0.736425
-0.575369
-0.622896
-0.946182
-0.899097
0.07267
-0.0418171
-0.157633
-0.678464
-0.976203
-0.910028
-0.467327
-0.349502
-0.474854
-0.133539
-1.07625
-1.28746
-0.935893
-1.1633
-1.00116
-1.15891
-1.00669
-0.794845
-0.874744
-0.982664
-1.08403
-0.742392
-0.880863
-1.13999
-1.40906
-1.61855
-1.71173
-1.49902
-1.2344
-1.48076
0.815544
0.898439
0.785408
0.434958
0.378378
0.166029
0.693174
0.469199
0.541494
0.677815
1.68048
1.40562
0.992606
0.945881
0.665491
0.985317
1.00169
1.11234
1.2443
1.4666
1.02844
0.956642
0.798511
0.532993
0.935089
1.01009
0.836764
0.597522
0.632135
0.97288
1.1557
1.64485
1.68051
1.13941
0.888726
0.742631
1.06967
0.815742
1.21068
1.31044
2.03624
1.53021
1.66031
1.7778
1.5379
1.79732
1.78215
1.69393
1.46222
2.02374
0.0701989
0.379933
0.255923
0.16698
0.415393
0.875406
0.779327
0.586581
0.146783
-0.0366852
-0.472155
-0.567481
-0.54328
-0.718095
-0.632909
-0.94568
-0.838939
-1.06232
-0.474831
-0.549342
-2.16395
-2.27946
-1.89233
-1.48549
-1.72842
-1.7416
-1.70652
-1.97904
-1.72139
-1.80611
-0.924056
-0.888409
-0.833185
-0.893263
-0.720414
-0.97791
-0.980308
-1.08517
-1.39415
-0.877543
-0.094434
-0.593621
-0.718299
-0.272714
-0.151301
-0.153751
-0.260788
0.0958691
0.0737529
-0.0198342
-0.30871
-0.338442
-0.218483
-0.225274
-0.108588
0.188135
0.044323
-0.649964
-0.779205
-0.602631
-0.877704
-1.32557
-1.37473
-1.38582
-1.14085
-1.05909
-0.980835
-1.03681
-0.541059
-0.407529
-1.50522
-0.92884
-1.32763
-1.29625
-1.29476
-1.80442
-1.71686
-1.21447
-0.739048
-0.509571
-1.77581
-1.91482
-1.88185
-2.35315
-2.03535
-1.82277
-1.91343
-1.54153
-1.75082
-1.5623
-1.42031
-1.25766
-1.30121
-1.37311
-1.01261
-1.10255
-1.24408
-1.32642
-1.39766
-1.37171
-0.624901
-0.399858
-0.39334
-0.859856
-0.815727
-0.881056
-1.02358
-0.952716
-0.893917
-0.839829
1.29943
1.27589
1.54862
1.26265
1.20888
1.16022
0.846762
0.890706
0.746442
1.00613
2.64674
2.74953
2.74371
2.76241
2.62318
2.27098
2.07705
2.10683
2.07552
2.18236
1.22736
1.04589
0.869058
0.923936
0.975158
1.00822
0.971783
1.29458
0.931567
1.06063
-0.202377
-0.155669
-0.0604946
-0.0222107
0.204393
0.0454669
-0.21725
-0.314566
-0.324102
-0.240978
-0.866298
-0.425804
-0.149721
0.0948633
0.275374
-0.0657704
-0.721157
-1.03013
-0.921741
-0.892828
0.202877
0.105835
-0.0470779
-0.418388
0.0751604
0.219783
0.0896871
0.343453
0.350847
0.173025
-0.232268
-0.40046
-0.215603
-0.56298
-0.326299
-0.680142
-0.243707
-0.0900338
-0.16306
-0.291506
-0.552178
-0.416408
-0.297941
-0.293247
-0.479518
-0.846915
-0.503581
-0.277771
-0.592757
-0.725252
-0.250177
-0.350739
0.378602
0.736047
0.605862
0.524582
0.114674
0.29852
0.293409
-0.16328
-0.31812
-0.524286
-0.315227
0.216317
0.18171
-0.299735
-0.179999
0.116377
-0.247119
-0.569502
0.712473
0.98735
1.11546
0.801036
1.2549
1.0408
1.02105
0.749245
0.91346
0.894367
0.682404
0.704088
0.999824
0.584644
0.357651
0.582156
0.587808
0.465725
0.515657
0.732691
0.291204
0.650453
0.858178
1.33769
1.19102
0.511712
0.394649
0.150467
0.118513
-0.0469312
0.925285
1.05638
1.3946
1.70659
1.38517
1.44644
1.52504
1.17397
1.06347
0.819632
-0.190125
-0.293494
0.0218435
0.183287
-0.23775
-0.50217
-0.563577
-0.607821
-0.696436
-0.279092
-1.04195
-0.765262
-0.840148
-0.390353
-0.708109
-0.22933
-0.405167
-0.490578
-0.476046
-0.899014
-2.04376
-1.83674
-1.67654
-2.01107
-1.80071
-2.08002
-2.04344
-2.17046
-2.07161
-2.12253
-0.519575
-0.600522
-0.471073
-0.497566
-0.016619
-0.227642
-0.0333638
-0.0592477
-0.270315
-0.255837
0.596938
0.622167
0.15468
-0.129117
-0.432279
-0.0964478
0.125448
0.302913
0.144978
0.249306
1.16991
0.866405
0.921883
0.900151
0.695098
0.745327
0.847088
0.84104
0.902777
1.18216
0.265373
0.264296
0.070979
0.0595785
0.425213
0.616683
0.550378
0.585159
0.374278
0.337695
0.073442
0.642789
0.751717
1.00926
0.509704
0.976512
0.549315
0.13877
0.407465
0.109162
0.122344
0.627081
0.536962
0.466943
0.714109
0.572287
0.519441
0.359837
0.136104
-0.0209122
1.3039
1.16851
1.46705
1.58102
1.72056
1.9973
2.18138
2.34845
2.15165
1.85492
0.626804
0.810628
0.678939
0.701464
0.632142
0.839261
1.4441
1.28288
1.07017
0.742988
0.55098
0.747086
0.445206
0.152122
0.10728
0.119215
0.2066
0.274933
0.642784
0.690803
-0.488436
-0.427596
-0.3169
0.155654
-0.059388
0.0166548
-0.116613
0.0501967
-0.257415
-0.0858598
0.199161
0.10009
-0.0731165
-0.236772
-0.334202
-0.612168
-0.434262
-0.401314
-0.399521
-0.0527185
-0.212272
0.10622
-0.441107
0.376889
0.0555955
-0.255833
-0.401241
-0.622134
-0.829936
-0.458275
1.33432
1.41439
1.22697
0.881009
0.805296
0.829856
0.724499
0.882164
0.898245
0.923408
1.33064
1.34512
1.27555
0.841218
0.909895
1.0748
0.559586
0.6138
0.80746
1.41504
-1.10928
-0.520483
-0.668558
-0.383084
-0.529985
-0.607224
-0.277764
-0.102921
-0.15033
-0.444722
-1.33022
-1.28341
-1.61381
-1.8067
-1.50101
-1.38876
-1.64643
-1.50592
-1.97277
-1.35557
-1.02776
-1.26168
-1.24268
-1.35991
-1.5301
-1.30198
-1.19402
-1.03033
-0.769396
-0.808246
-0.317912
-0.863959
-0.791508
-0.361972
-0.619736
-0.382529
-0.500591
-0.538619
-0.393594
-0.159638
-2.22243
-2.11729
-2.05116
-1.92229
-1.75351
-1.98458
-1.92661
-2.14906
-1.8309
-2.1477
-0.782887
-0.681423
-0.450556
-0.382862
-0.18793
-0.264694
-0.241411
-0.0774783
-0.315613
-0.616403
-0.306421
0.25089
0.143066
-0.0249652
-0.189182
0.0872976
0.221053
-0.135019
-0.417657
-0.683122
-1.5472
-1.37946
-1.2085
-1.25155
-1.70992
-1.72118
-1.35839
-1.60712
-1.2304
-1.2246
-0.42378
-0.816516
-0.824741
-0.374665
-0.279854
0.066735
0.0280576
0.360058
0.162311
0.0600317
-0.237287
-0.30817
-0.424056
-0.635985
-0.532406
-0.421287
-0.317763
-0.601571
-0.503326
-0.151757
0.632278
0.947758
0.948565
0.856713
0.723227
0.351009
0.488716
0.393687
0.345419
0.485613
1.38541
1.07534
1.45406
1.51201
1.43415
1.53739
1.43936
1.85353
1.56233
1.53403
0.203204
0.279276
0.324222
0.548147
0.675939
0.958041
1.24602
1.22784
0.968072
0.72107
0.414168
-0.291658
0.106033
0.299094
0.356706
0.15911
0.338164
0.040197
0.284566
0.329253
-0.570442
-0.637471
-0.898409
-1.00958
-1.16908
-1.33023
-0.997488
-0.8065
-1.0582
-0.976329
0.655921
0.997709
0.728382
0.665591
0.298809
0.452579
0.798013
0.900636
1.02575
0.931631
0.992725
1.50503
1.66271
1.91185
1.92488
1.40753
1.29728
1.20378
1.25424
1.19394
0.397948
0.543309
0.405125
0.410718
0.0588104
0.439237
0.193008
0.230347
0.796366
0.601798
0.13339
0.0959098
0.109583
0.642218
0.687807
0.235952
0.14208
0.0561066
0.152511
0.0564506
1.77074
1.52713
1.52415
1.21507
1.65402
1.58094
1.6127
1.22951
0.785458
1.27745
0.531543
0.931154
1.38757
1.2173
1.35936
1.24961
0.855342
0.955551
0.647084
0.461768
1.37725
1.48236
1.299
1.25057
1.26281
0.991376
0.807266
1.02585
0.671579
0.598247
0.950741
0.972897
1.10943
1.19525
0.89902
0.772153
0.510006
0.995638
0.995078
1.26544
0.33264
-0.0349363
-0.0993785
-0.131932
0.249692
0.242593
0.229676
-0.402775
0.0154519
0.254075
0.00308374
-0.0434465
-0.19507
0.116026
0.634844
0.672095
0.232067
-0.120558
-0.197129
-0.15383
0.844648
0.83268
0.611335
0.653339
0.564314
0.563536
0.361908
0.221192
0.572801
0.821314
1.72443
1.58878
1.40192
1.60744
2.02759
1.98629
2.14714
1.95092
1.92934
2.16474
2.03137
2.00313
2.17917
2.23577
2.2566
2.35208
2.1151
2.27235
2.37353
2.11461
1.9933
1.86072
1.15073
1.26106
1.02283
1.28391
1.14471
1.34655
0.9489
1.77085
1.96928
2.13621
2.46668
2.31933
1.92825
2.16813
1.95736
1.95345
1.92207
1.67833
1.66994
1.68857
1.81371
1.28943
0.955951
0.841711
0.891651
1.34568
1.3096
1.411
2.2146
2.1018
2.13933
2.36435
1.68209
1.62048
1.47239
1.68341
1.79567
2.25455
1.67799
1.72161
1.57915
1.67337
1.3763
1.53786
1.38309
1.33578
1.52072
1.41938
2.8578
3.02853
2.81019
2.61614
2.60226
2.8679
2.76506
2.85039
2.92687
2.81116
3.09418
2.81642
2.6187
2.4727
2.60914
2.58227
2.90448
3.37368
3.29892
3.09659
1.76881
1.97695
2.06104
2.16894
1.77689
1.84135
2.36686
2.6035
2.41166
1.9821
0.970293
0.814166
0.627714
0.388741
0.517477
0.646033
0.42112
0.844726
1.62912
1.30259
1.13925
1.34672
1.49087
1.41509
1.61646
1.79307
2.00308
2.16106
1.66805
1.34029
0.756114
0.672263
1.01349
1.51752
1.81134
1.29451
1.7696
1.31491
1.25551
0.912548
1.81285
1.43701
1.28335
1.24036
1.32497
1.60295
1.91558
2.13046
2.06788
2.06511
1.26229
0.902256
1.23466
1.576
1.87094
1.27742
1.5129
1.19521
1.35059
1.34856
1.32173
1.17344
0.825212
0.912156
1.14675
0.856462
0.95887
1.13661
1.40401
1.63057
0.669986
0.267485
0.465991
0.436096
0.157216
0.680296
0.70698
0.457387
0.359782
0.444379
0.065251
0.077983
0.124832
-0.0527972
-0.494028
-0.0239354
0.287828
0.101824
0.0242282
0.0915079
1.66232
1.61274
1.63724
1.25029
1.3503
1.51402
1.15198
1.31666
1.28392
1.5707
0.000719016
-0.0930457
-0.221321
-0.232803
0.0832364
0.0658076
-0.347246
0.277671
0.441696
0.253243
2.0444
1.47989
1.14345
1.15268
1.40549
1.44775
1.86023
1.86599
1.97926
1.85507
0.600972
0.44941
1.01892
1.20015
0.696048
1.04183
0.779871
0.506188
0.849086
0.431172
-0.0644121
-0.00741723
-0.0961694
-0.00891776
-0.50597
-0.802054
-0.516778
-0.58691
-0.499214
-0.494279
-0.952263
-1.29073
-1.10151
-1.07747
-1.06074
-0.993556
-1.28936
-1.23809
-0.922099
-1.13685
-1.82029
-1.6606
-1.96427
-1.28517
-1.33115
-1.51479
-1.59676
-1.71856
-1.92226
-1.80469
-1.35956
-1.454
-1.38624
-1.16376
-0.808584
-0.517223
-0.644215
-0.540439
-0.677435
-1.23015
-2.3394
-2.26868
-1.72646
-1.55417
-1.49892
-1.55017
-1.72084
-1.63303
-2.01683
-1.95059
0.826154
0.215274
0.209522
-0.324262
-0.117004
-0.0351179
0.447141
0.637995
0.453468
0.591756
-0.00331404
-0.0687853
-0.183229
-0.482595
-0.383953
-0.486849
-0.441776
-0.576206
-0.660715
-0.17945
-2.03276
-1.72636
-2.20465
-2.03667
-1.47775
-1.48882
-1.69
-1.56189
-2.03384
-2.30394
-1.58404
-1.47469
-1.68191
-1.42031
-1.72659
-1.74923
-1.72895
-2.0165
-1.73854
-1.63858
0.230088
-0.076932
-0.196581
-0.311088
0.16023
0.37606
0.568102
0.494408
0.100836
-0.204282
1.26797
0.901054
0.653979
0.755677
1.22343
1.39999
1.54167
1.00375
1.69319
1.61618
1.88818
1.95057
2.09626
2.34497
2.3021
2.34907
2.26186
1.88383
1.95354
1.91397
2.20428
1.84055
2.12914
1.89846
2.06403
2.37053
2.71903
2.27006
2.47844
2.15474
1.65793
1.4372
1.32652
1.44211
1.61752
2.07175
2.56188
2.70974
2.11643
2.07711
-0.546027
0.0149473
0.0493679
0.277481
-0.247527
0.289146
-0.127345
-0.432962
-0.389013
-0.516468
-0.556712
-0.188806
-0.34318
-0.663325
-0.422523
-0.95049
-0.751902
-0.447812
-0.590891
-0.845255
0.427763
0.587118
0.790538
0.0707487
0.301831
0.319929
0.576196
0.693312
0.736134
0.710878
-0.983293
-0.770679
-0.608309
-0.582549
-1.08039
-0.421473
-0.248053
-0.590458
-0.959233
-1.29567
-1.1995
-1.57376
-1.6777
-1.82262
-1.4542
-1.47403
-1.3526
-0.963169
-0.696518
-1.38761
-2.04197
-1.62891
-1.40882
-1.15698
-1.37755
-1.46947
-1.54395
-1.81447
-2.25927
-1.95499
-1.21044
-1.31252
-1.09086
-0.64204
-0.741418
-0.50104
-0.408529
-0.248068
-0.632508
-0.887614
1.2453
1.37617
1.41628
1.50815
1.07056
1.11885
1.13433
0.908502
1.02561
0.875188
-0.539701
-0.574724
-0.297132
-0.438431
-0.0612611
0.189563
0.0368196
0.0331205
-0.319256
-0.455216
0.71611
0.390411
0.420334
0.666832
0.511743
0.667229
0.723849
0.788533
0.755156
0.609732
2.23904
2.02341
2.45121
2.28795
1.74201
1.77644
1.70784
1.60838
2.13453
2.05105
0.952956
1.23316
1.18833
1.09308
0.852453
0.926611
0.86797
0.747545
0.661542
1.14074
1.42717
1.78834
1.31969
1.02427
0.676001
1.12462
1.3591
1.13354
1.09744
0.908216
