0.0191866
0.0829746
-0.126173
0.319776
-0.404442
-1.01681
-0.363218
0.221132
0.0642775
0.237625
0.132459
0.144415
0.369627
0.0718405
0.340816
0.974836
0.596313
0.185439
0.308106
0.47647
-0.621794
0.562809
0.181001
0.133729
0.807153
0.377272
-0.438909
-0.84999
-0.884204
-0.675503
1.38643
0.758653
0.924701
0.630889
0.50639
1.03663
0.568598
1.02285
0.946711
1.40839
0.521665
0.636881
0.702958
0.683662
0.261344
0.48233
-0.0468004
-0.162186
-0.22583
0.00657569
0.827062
0.863703
1.31443
1.13824
0.971153
1.08836
1.04958
0.652264
0.216159
0.729653
-0.560551
-0.362174
-0.0460659
1.01978
1.12638
0.909522
0.521753
0.0610006
-0.0197451
-0.830383
-0.348415
-0.202004
0.280753
0.178382
-0.361566
-0.809642
-0.255365
0.213852
0.749156
0.469812
-1.23186
-1.14753
-0.964932
-0.583861
-0.37494
-0.0604437
0.0282275
-0.356324
-0.637134
-0.449123
-0.761156
-0.0516963
-0.0440004
-0.466239
-0.719108
0.0823234
-0.16539
-0.560672
-0.258456
0.163392
-0.70885
-0.727116
-0.454402
-0.835815
-0.717564
-0.586989
0.0213877
0.0350827
0.135544
-0.630603
0.303245
0.669237
0.862503
0.870451
1.44415
1.46287
1.32899
0.51214
0.162983
-0.0386477
0.452706
0.0893118
0.208198
0.575243
0.44122
0.752305
1.00856
0.763884
1.18248
0.350407
0.237977
-0.655551
-0.186814
-0.89946
0.0403889
0.700329
0.615968
0.358778
0.10514
0.524666
-0.168513
-0.297699
-0.427376
-0.631938
0.0257844
0.171639
0.150065
0.222605
-0.103322
-0.349805
0.48989
0.911698
0.790255
-0.0078444
0.563848
0.564793
-0.0240154
-0.197608
-0.0123267
0.587121
0.616322
0.464351
0.32694
-0.00664717
0.486392
0.501183
0.263896
0.560033
1.17944
0.814516
0.421803
0.509659
0.306092
-0.33658
-0.38769
0.196228
-0.1004
0.419822
-0.0790333
-0.104797
-0.468903
-0.0164113
-0.727963
-1.21635
-0.521772
-0.479802
-0.0535385
-0.11888
-0.0924673
-0.506068
-1.05037
-0.74176
-0.900674
-0.584354
-1.10421
-0.924055
-1.3945
-0.424238
-0.706159
-0.734196
-0.605099
-0.501048
-0.00787302
-0.116894
0.233339
0.228931
-0.0153348
0.703631
1.08767
-0.352504
0.430294
-0.135418
-0.502064
-0.461745
-0.389845
-0.500766
-0.498444
0.110056
0.307144
0.0522127
-0.630334
-0.236881
-0.628307
-0.888673
-0.571037
-1.26368
-0.547339
-1.06731
-0.855156
-0.615556
-0.919168
-1.5155
-0.93018
-0.714043
-0.160357
0.295752
0.456644
0.420162
-0.583837
-0.964313
-0.272582
-0.615384
-0.197641
-0.263788
-0.0988878
-0.466799
-0.254199
0.178336
-0.606809
-0.445337
1.01268
1.00474
0.432787
0.763528
0.739844
0.928993
1.47263
2.18232
1.96912
1.61344
-0.384072
-0.792318
-0.247315
-0.679003
-0.18694
-1.07842
-1.36533
-0.983606
-0.740523
-0.0546689
0.564272
0.564334
0.344183
0.904631
0.677901
1.56073
1.31901
1.4699
1.21592
1.24449
0.327002
0.131252
0.0477701
0.424274
0.824846
0.404739
-0.895973
0.446933
-0.318553
-0.33983
-0.762301
-0.774302
-0.706668
-0.335718
-1.07217
-1.22386
-0.803891
-1.29493
-1.04625
-0.686941
-0.1865
-0.605322
-0.296944
-0.385965
-0.28327
-0.571826
-0.15522
-0.264817
-0.751405
-0.394007
-0.760211
-1.33926
-0.182722
-0.362669
0.14097
-0.061015
-0.145008
0.127537
-0.0449001
-0.735983
0.241882
0.847964
1.2869
-0.287824
-0.359249
0.4036
0.407053
0.927137
0.742401
0.810787
0.307183
0.363616
0.00989183
0.204548
-0.329158
-0.0296928
0.494774
0.0620753
0.0963828
0.614681
-0.123493
-0.0121
0.224102
0.124484
-0.149626
-0.0770302
-0.776823
-0.530167
-0.0030207
-0.567612
-1.61449
-1.27039
-1.27458
-1.48544
-1.18943
-0.867235
-0.806965
-0.929773
-0.967777
-1.02535
0.0189572
0.852104
0.757471
-0.228645
-0.661456
-1.19522
-0.9101
-0.121099
-0.656358
-0.592546
-0.820533
-0.845468
0.373598
0.0174982
-0.128149
-0.322853
-0.604204
-0.951503
-0.555794
-0.345933
0.164504
0.0678821
0.617588
0.325688
0.614537
0.161168
0.171627
0.212164
-0.277352
-0.551082
0.668215
0.438214
0.757276
0.506943
1.10799
0.124829
0.765681
0.839138
0.616427
0.623117
0.415162
-0.0815863
-0.0873572
-0.0478817
-0.0488242
-0.0989969
0.177526
0.277875
-0.0519466
0.09802
-0.613453
-0.215318
-0.66966
-1.21381
-0.528144
-1.11322
-1.24939
-0.674933
-0.220204
0.331838
1.22179
1.11108
1.61502
1.89505
1.63819
1.37174
1.02981
0.46197
0.567578
1.5901
-1.06783
-1.23426
-1.19496
-1.11528
-0.787337
-0.802242
-2.04076
-1.2835
-1.02941
-1.07303
-0.140841
0.0450534
-0.279991
-0.411444
0.243098
0.403238
-0.172224
-0.437055
0.128435
-0.0261361
-0.417427
0.0631811
-0.137517
-0.648566
-1.09524
0.126897
-0.21259
-0.0529374
0.574054
-0.112664
0.136066
-0.279359
0.318119
0.0133886
0.12123
0.0914868
0.649395
-0.00291241
-0.706771
-0.265979
-0.279866
-0.652975
-0.719759
0.369153
0.616467
-0.0936891
0.481903
0.789569
0.679075
0.045172
0.133223
0.386467
-0.0926924
-0.229883
-0.598716
0.14763
1.06952
0.0742466
-0.0172587
0.532952
1.67287
0.950353
0.6258
0.621702
0.848716
0.683878
0.905914
1.54281
2.16314
1.61019
1.40023
0.911765
0.822706
0.557337
0.275163
-0.144247
0.806283
1.23913
1.65331
0.710563
-0.730896
-0.493347
-0.213898
0.389287
0.7566
1.08477
0.893283
0.308231
-0.402121
-0.409562
-1.13782
-0.165894
0.936128
1.03655
0.886928
1.24795
0.414183
-0.422262
-0.44245
-0.214815
1.1441
1.5292
1.51159
0.936522
1.15776
0.708864
1.12482
1.50728
1.1132
0.515224
1.26583
0.860525
1.3063
1.61531
1.22957
1.11161
0.709756
1.01144
0.719632
1.30857
0.347443
-0.301216
-0.188382
-0.0371771
-0.158894
0.32538
-0.0265826
0.328009
0.44868
0.756245
-0.699143
-0.0428568
0.199405
0.465084
0.0740846
-0.768233
-0.458758
-0.935248
-0.613538
-0.387076
-0.387998
-0.171936
0.0454743
0.871643
0.419506
0.604428
1.23981
0.888809
0.976234
0.0887887
-1.26671
-0.781655
-0.685825
-1.13499
-0.809573
-0.954787
-1.00727
-0.827875
-0.385233
-0.698119
0.942413
0.475364
0.555913
0.386808
0.409317
0.77794
0.416033
0.203487
0.0913525
0.0537947
-0.277049
0.105972
0.644136
0.5641
0.812991
0.596473
0.251057
0.199864
-0.00756851
0.132187
1.4323
1.33046
1.51837
2.35041
1.94375
0.723736
0.650056
0.869323
1.24315
1.49746
0.788486
0.197409
0.47598
0.560038
0.264261
0.96017
0.534878
0.858822
0.373382
0.38798
0.338147
0.198363
0.217629
-0.0904142
-0.81704
0.0872566
0.541829
0.766958
0.598231
-0.35153
-1.16326
-1.1327
-0.908899
-1.13187
-0.957867
-1.24008
-0.852505
-1.24806
-1.47483
-0.726944
0.6781
0.610276
1.36362
1.53543
1.17434
0.953256
0.988846
0.867166
1.37274
0.962639
-0.17799
-0.209275
0.0181122
0.865658
0.183684
0.158552
-0.279345
-0.730379
-0.181616
0.0619675
1.5497
1.2679
0.484622
1.0578
0.291595
-0.163512
0.407976
0.973726
1.13694
1.59739
-1.46716
-0.626899
-0.504033
-0.709015
-0.485381
-1.75593
-1.77407
-1.38685
-1.13203
-1.48131
0.81392
0.6066
1.11695
0.922411
0.865867
0.515634
0.916438
1.29971
1.21369
1.23653
-0.127309
-0.249161
-0.48637
-0.488438
-0.919765
-0.276326
0.0106757
-0.572104
-0.824072
-0.531498
0.573651
0.350453
0.0310253
0.00525154
0.223149
0.235982
0.227675
0.0349234
-0.055095
0.259554
0.639711
0.51302
0.411953
-0.16816
-0.828503
-1.16557
-0.828117
-0.572806
0.787075
0.783234
0.930961
0.744835
1.63612
1.3766
0.840628
1.15946
1.34894
0.387488
0.328162
0.657479
-0.441942
-0.872666
-0.332905
-0.711315
-0.993966
-0.478498
-0.758968
-0.704655
-0.0401606
-0.562474
1.23871
1.13724
0.154227
0.222148
-0.0244407
0.494952
0.965673
0.767054
0.635894
0.544899
0.354195
0.00530136
-0.172759
-0.671195
0.487281
0.160743
-0.295987
0.337039
0.911779
0.780923
-0.119791
0.0521736
-0.141016
-0.55642
-0.185006
-0.283886
-0.51333
-0.291417
-0.191041
0.087555
1.51782
1.18953
1.30888
1.89667
1.5438
1.46893
1.14915
0.92772
0.838359
0.68383
0.16747
0.828396
0.849064
0.870431
0.286757
0.230482
0.153472
-0.702751
-0.474807
-0.0551272
-0.292636
-0.0177595
0.265292
0.12635
0.0401067
-0.58679
-1.07528
-1.14138
-0.539581
-0.405226
-0.59887
-0.324679
-0.580645
-0.449936
-0.858828
-0.325404
-0.767316
-0.844455
-0.744436
-0.848026
0.746078
0.40847
-0.372171
-0.51982
-0.160862
-0.732286
-0.365862
0.196741
1.19635
1.02185
-0.0204822
0.542512
0.436781
0.611905
0.893466
-0.101353
0.667989
1.11063
0.42473
0.192479
1.1334
1.19142
1.26605
0.825204
0.105122
0.282358
-0.0698184
0.553331
0.62084
0.676081
-1.41039
-1.49877
-1.92628
-1.92135
-1.92744
-1.53242
-1.67992
-1.56835
-1.99418
-1.26846
0.671333
0.865442
1.23296
1.17115
1.27188
1.17546
1.47065
1.62458
1.47995
0.579847
0.497422
1.05652
1.37397
1.12817
0.892147
1.59982
1.52954
0.999176
0.619969
0.202039
0.914547
0.920941
0.60129
0.674818
0.600237
0.0879356
0.386291
0.476894
0.530589
-0.188703
0.854767
0.871851
0.647559
0.416422
0.234567
0.539082
0.966441
0.920609
1.40922
1.14212
0.195501
-0.882688
-0.795097
-0.818133
0.0278823
0.617562
0.530237
0.668056
1.30182
0.0166747
-0.154619
0.0795697
0.361741
-0.23724
-0.0981249
-0.494338
0.0431585
-0.266882
0.419389
0.631412
-0.0961946
-0.549295
-0.274497
-0.506019
-0.113344
0.7482
0.536883
1.30286
1.58987
0.731345
0.27637
0.311798
-0.158015
-0.246763
-0.340197
-0.504587
0.291517
0.436772
0.819212
0.0979267
0.322006
0.654319
0.456255
0.802756
0.715232
0.516761
0.82693
0.621029
0.203947
-0.00909644
0.646605
0.590516
0.452019
0.155529
0.986728
0.858674
0.517958
0.296261
0.579577
0.553213
0.108314
0.570192
0.942588
0.935955
0.18748
0.507285
0.0422741
0.592164
0.296098
-0.362152
0.0679437
0.213843
-0.163623
-0.356574
0.184471
0.204822
0.404402
0.276154
0.304422
-0.166453
0.412062
0.434031
0.529345
0.283615
-0.52686
0.0482983
0.349035
0.612147
-0.0794947
0.189313
-0.562017
0.0687739
-0.168644
-0.496781
0.30638
0.359937
0.44962
-0.591278
-0.635946
-0.724301
