-0.985227
-0.420909
-0.849243
-0.272
-0.0406471
-0.294491
-1.17969
-1.15642
-1.45692
-1.29834
-0.217167
0.523815
1.73683
1.21878
0.634754
0.530129
0.399328
1.06097
0.77943
0.388478
-0.0463823
-0.678618
-0.105318
-0.268214
-0.266759
0.355327
-0.388348
-0.343825
-0.695192
-0.599121
-0.0519251
0.0734254
-0.239311
-0.298199
0.0469558
0.864883
1.19402
0.2519
0.162369
-0.0959939
-0.856463
-1.18197
-1.00642
-1.28754
-1.55307
-1.55482
-1.95532
-1.2709
-1.53056
-0.931811
-0.161889
1.06709
0.281354
0.456572
0.0635554
-0.211594
0.204351
0.214036
0.283694
-0.261523
0.249409
0.070727
0.27389
0.963097
0.834355
-0.0564722
0.303444
-0.135723
-0.264371
0.463475
0.587217
0.985784
0.928965
1.067
0.882288
1.01886
0.927673
0.630383
0.105893
-0.328582
-0.390124
-0.75401
-0.609488
-1.56809
-1.37053
-1.33476
-0.627394
-0.630275
-0.612953
-0.232725
1.32396
1.18001
0.930399
0.699874
0.293339
1.22609
1.40556
1.91263
1.40925
1.80302
1.59227
0.772614
0.451005
0.407037
-0.806906
0.0448577
0.327562
1.46223
1.28615
1.64094
-0.83344
-0.372844
-0.58224
0.030557
-0.45251
0.0701011
0.378792
-0.632056
-1.37336
-0.294437
0.510973
0.237051
0.65238
-0.0351577
0.0328768
0.657843
-0.480794
0.255259
0.125274
0.672854
-1.75479
-1.38875
-1.14753
-0.677398
-0.56481
-0.843359
-0.27665
-0.339632
-0.99942
-1.8882
-0.166595
-1.14214
-0.853439
-0.703571
-0.185759
-0.13064
-0.0761296
0.248825
-0.504485
-0.60687
-0.886506
-0.551444
-1.12663
-0.535066
-0.45889
-1.11086
-1.30887
-1.44849
-1.34033
-0.880603
-0.329263
-0.508313
-0.622659
-0.52056
-0.56461
-0.695758
-0.270321
-0.229845
-0.167245
-0.077746
0.526841
1.03986
0.127653
-0.0470671
-0.58202
-0.934236
-0.699528
-0.152034
0.860252
0.203362
0.201759
0.70371
0.152883
0.610179
0.942197
1.62325
1.77226
1.44949
0.941145
0.297995
0.831439
0.709459
0.410502
0.64447
0.694575
0.45092
0.802998
0.504494
1.06605
0.682602
-0.251623
-0.437445
0.0278452
0.154014
0.0415658
-0.406431
-0.570038
-0.313022
0.120173
-0.495838
0.742475
0.484833
0.223067
-0.547856
-0.430323
-0.287647
0.00210238
-0.0997864
0.505647
0.651084
-0.0437686
-0.261309
0.546857
0.323901
0.452308
0.487022
0.0229558
0.237804
0.293475
-0.0998555
0.500252
0.562002
-0.00845476
0.908681
0.789101
0.883336
1.14233
0.407684
1.18314
0.806872
-1.09344
-0.558915
-0.783126
-0.591616
-0.917215
-0.617516
-0.859502
0.435107
0.101009
-0.61032
0.128485
-0.117998
-0.641655
0.230021
0.0521886
0.018549
0.151803
0.0669197
0.102791
0.391104
-0.00933409
-0.28434
-0.639919
-1.34599
-1.14605
-1.28681
-1.19652
-0.741465
-0.93538
-0.797723
-0.113947
0.399236
-0.0129295
0.380416
-0.111377
-0.1031
-1.13496
-0.904587
-0.482153
-0.444371
0.405627
0.307532
0.191024
-0.583568
-1.00576
-0.980145
-0.49207
-0.341621
0.319429
0.5502
0.595392
0.687029
0.208768
0.974555
0.946163
0.722062
0.536634
-0.411915
-0.671018
-0.41793
0.241313
0.815143
1.86595
1.71358
2.0306
1.24344
0.545867
0.353008
-0.0486556
0.368753
0.187181
0.200213
0.27755
-0.0295804
0.307098
-0.0148415
0.487227
0.00240658
0.0880412
0.235189
-1.00924
-0.586714
-0.455259
-0.537439
-0.188048
-0.270798
0.40451
0.0399573
0.418174
-0.121736
0.948613
1.35657
0.907658
0.19726
0.511199
0.777994
1.10015
1.7051
1.05097
1.07044
0.0936191
0.341873
-0.0809578
-0.0980459
0.0415697
-0.352748
-0.259935
0.35751
0.514487
0.050268
0.000950253
0.619497
1.52015
1.37441
1.65788
0.982835
0.436944
-0.130307
0.524048
-0.0397525
-0.635705
-0.866584
-0.495092
0.65782
1.12185
1.20079
0.621876
0.898024
0.575382
0.263359
-0.182135
0.177185
0.125107
-0.123192
-0.535998
-0.744469
0.0921237
-0.117274
-0.325564
-0.35301
-0.49824
-1.16012
-0.371878
-0.929321
-0.942652
-1.25581
-0.533282
0.249172
0.91375
0.674156
0.420897
0.708909
0.855412
0.925098
1.13369
1.64061
1.09009
0.896628
0.857368
0.519789
-0.833658
-0.54923
-1.47032
-0.940369
-0.630158
-1.22299
-0.384158
-0.34918
0.199076
-0.147635
-0.451573
-0.396141
-0.409865
-0.455438
-1.12557
-0.557224
-2.02447
-2.32338
-1.7628
-0.674505
-0.585674
-0.973798
-0.618615
-0.0436703
-0.101384
-0.335684
-0.754662
-0.770905
0.0204787
-0.0840914
-0.748127
-0.527216
-0.670044
-0.0142968
-0.0672838
0.20738
-0.0235616
-0.793942
-0.923619
-0.856905
-0.327561
-0.0937138
0.126457
-0.380809
-0.109887
-0.465274
-0.388807
-0.91733
-0.637666
-0.469883
-0.909533
-0.603005
-0.560369
-0.464229
0.098097
0.266817
0.864368
0.246489
0.272828
-0.561739
0.36223
0.733068
0.640681
1.45534
1.55559
1.31236
0.340283
-0.374671
-0.124252
-0.711538
-0.164684
-0.384176
-0.446757
-0.228675
-0.650578
-0.0148269
0.860958
0.749948
0.619492
0.0245216
-0.199144
-0.502069
-0.236052
-0.531789
-0.0460468
0.509133
0.576859
0.687038
0.297531
0.688373
-0.819857
-0.0587033
-0.0162906
-0.594933
-0.266201
0.332316
0.880585
0.770363
-0.333252
-1.249
1.04611
0.695423
0.802944
-0.0352824
-0.506484
-0.724955
0.274441
0.433808
0.00881073
-0.276091
-1.4761
-0.745078
-0.430972
-0.192121
0.138411
-0.184782
-0.0632044
-0.0386452
-0.952479
-1.28503
0.181688
-0.148231
-0.22504
-0.551269
-0.20845
-0.105355
0.562831
0.972615
0.62153
0.540986
-0.606777
-0.944682
-1.56243
-0.888006
-0.662174
-0.685459
-0.955338
-1.11275
-1.83925
-1.41788
-0.205507
0.0989337
-0.372274
0.263847
0.107506
0.356105
-0.017677
0.534841
0.761982
0.408751
-0.445713
-0.228777
-0.432974
-0.204528
-0.954468
-0.789495
-0.587519
-1.41562
-1.3298
-0.821429
-0.750051
-1.50786
-1.13827
-0.934257
-1.62537
-0.0425137
0.376912
-0.545849
-1.57667
-1.15552
-0.25586
-0.151163
-0.475482
-0.0878167
0.417887
0.344168
0.705665
0.234062
0.521805
-0.117051
1.65419
1.04443
1.07624
1.50088
1.55949
1.39306
0.630844
0.807967
0.55673
0.270245
0.254724
-0.0950054
-0.155429
-0.479055
-0.502836
-0.313023
-0.592404
-1.09083
-0.909692
0.447319
1.27618
0.508769
-0.222435
-0.794145
-0.454046
0.847716
1.00593
0.935596
1.3937
0.580287
0.00467928
0.530373
0.106392
-0.986208
-0.401237
-0.632839
-0.125142
-0.0442107
-0.116836
-0.00782966
0.281315
0.710162
0.676077
0.722506
0.561847
-0.186673
0.0915808
-0.110497
-0.064106
0.322917
-0.953867
-1.249
-0.920948
-0.642078
-0.473562
-0.518301
-0.820227
-0.916577
-0.551799
-0.686184
-0.539826
0.326535
-0.398818
-0.511296
-0.0915284
0.471039
0.706446
0.600586
-0.116913
-0.77254
-1.16304
-1.78779
-2.18091
-1.8517
-1.35107
-1.28671
-0.775818
-0.234655
-1.34887
-1.01177
-0.878748
-0.769203
-1.28487
-1.75834
-2.11629
-1.39374
-1.38954
-1.92054
-1.53092
-0.80841
-1.24584
-1.00711
-1.12758
-1.09583
-0.845863
-0.567653
-0.879171
-1.68457
-1.35038
-1.75226
0.767322
0.267042
0.470849
0.828649
0.965847
0.964563
-0.0870413
0.011309
0.246651
0.687559
2.13663
1.6243
1.53659
1.30977
1.73172
1.51471
1.59659
1.73295
1.62908
2.46333
0.784274
1.12618
0.938723
0.935362
0.868287
0.986254
0.888231
0.981869
1.2534
1.20483
-0.310521
-0.730839
-0.934387
-1.17048
-1.12981
-0.555301
-0.326315
-0.222313
0.110821
-0.233215
0.692676
0.346307
0.6411
0.891404
1.13911
0.666446
0.441813
0.469699
0.48456
-0.599479
-0.270279
-0.102456
0.564476
0.116103
-0.230611
-0.351959
-0.431394
-0.468178
-0.577298
-0.127891
0.641521
-0.369842
-1.11501
-0.673616
-0.126909
-0.483059
-0.0566487
0.40684
0.518112
0.461504
1.07465
0.885789
0.297186
0.480845
-0.081397
0.155994
-0.225264
0.362373
0.922487
1.50025
-0.00268114
-0.0328966
-0.97822
-0.825038
-0.696357
-0.419334
-0.327324
-0.0558026
-0.124811
0.450731
-0.863154
-0.423178
-0.91444
-0.704886
-0.731213
-0.43551
-0.619331
-0.178909
-0.608179
-0.491483
0.722365
0.917944
0.568537
0.361287
1.01065
0.528325
0.759435
0.925754
1.0301
0.707537
0.660428
0.193598
0.189097
0.364919
0.086663
-0.385895
0.396603
-0.359421
-0.0162543
0.779433
0.600669
0.532405
1.43356
1.64261
1.36151
0.820245
0.779544
0.625791
0.0835393
0.164446
0.0122627
-0.178073
-0.320123
-0.449577
-0.344397
-0.345244
0.553776
0.539012
0.4263
0.192268
-1.2604
-1.00295
-1.01941
-0.792995
-0.562638
-0.968956
-1.58212
-1.63208
-1.06181
-1.41503
0.321063
0.600534
0.435691
0.739254
0.857511
0.593189
0.561981
0.591963
0.0265806
-0.17543
0.68701
0.098402
0.746146
0.842397
0.573375
-0.0799324
0.171983
0.0524127
0.204479
1.01776
0.436858
0.338307
0.133612
-0.111632
0.0205364
-0.327374
-0.251787
-0.380045
0.0296816
0.0568284
-0.322247
-0.0420377
0.507761
1.02837
0.503016
-0.089594
-0.967399
-0.886696
-1.1837
-0.42963
-0.117298
-0.827527
-0.0894292
-0.636243
-1.01434
-1.16044
-1.07776
-0.982785
-0.360847
-0.461013
-0.48547
-0.349911
-0.313036
-0.741905
-0.434785
0.0159286
0.571778
0.44471
0.0937368
-0.354616
1.60376
1.70275
1.90847
1.11463
2.05049
2.2454
1.33184
0.75218
0.687764
1.20195
-0.104889
0.436931
-0.667283
-0.702448
-0.837365
-2.12731
-2.11047
-1.44707
-0.990454
0.0732752
-1.44891
-1.57816
-1.18185
-1.0328
-1.42917
-0.898458
-0.742831
-0.70695
-1.11429
-1.14701
-0.617733
-0.523678
-0.47739
-0.636029
-0.146845
0.139559
-0.81233
-1.11904
-0.270529
-0.296422
1.59046
1.21498
0.326924
-0.0534568
0.0877112
-0.0932293
-0.0648133
-0.00720124
0.977471
1.56642
-0.348709
-0.927701
-0.214007
-0.235586
0.0367413
0.191791
0.0746141
-0.135626
-0.523412
-0.655649
0.709141
0.401174
0.979682
0.55559
0.938079
0.650967
0.145618
1.58392
1.77581
1.47195
0.0588407
0.118561
-0.224257
-0.312618
-0.927108
-0.359166
-0.85702
-0.753973
-0.725482
-0.876399
0.466822
0.273828
0.246727
0.487394
0.400166
0.441573
0.458076
0.4108
0.855688
0.814495
-0.588286
-0.217986
-0.801937
-0.90387
-0.818781
-0.818619
-0.643848
-0.133953
-0.499188
-0.35916
-0.311031
-0.422136
0.43545
-0.317243
-0.572024
-0.348533
-0.389516
-0.768547
-0.437244
-0.00325741
