-0.270824
-0.500391
0.430403
0.117995
-0.286609
0.160316
-0.124603
0.703868
0.773479
0.0565974
0.723288
0.0169846
-0.404806
0.541451
0.689264
1.31502
2.03405
0.7794
0.961446
1.05104
-0.476516
-0.53081
-0.0807496
-0.472591
-0.0990564
-0.533582
-1.60472
-0.47339
-0.577136
-0.41656
-1.54509
-1.59498
-1.11817
-1.68901
-0.856973
-1.07091
-1.50081
-1.66312
-1.63015
-1.45474
1.05996
0.262378
1.50141
0.862739
1.4884
1.09952
1.65923
0.571265
1.33004
0.522257
-0.190761
-0.486084
-0.276267
-0.405389
0.314474
0.615993
-0.0362208
-0.377627
0.247912
0.409294
-0.10489
-0.0184495
0.721945
0.849212
0.799875
0.274555
0.455606
0.544466
0.0427301
0.243605
-0.187999
-0.554072
-0.502102
-0.887628
-1.26936
0.375266
0.76999
1.1275
1.09725
-0.0162771
0.512892
-0.296914
0.578247
0.597284
1.05392
0.0775731
0.830554
0.528969
-0.0691863
0.0280019
-0.0682361
0.387854
0.527037
-0.181856
-0.689915
-0.842085
-0.5691
-0.730066
-0.0500472
-0.191708
0.675646
0.826225
1.50071
1.3516
1.60951
1.55365
1.01952
0.0378036
1.33923
1.12757
0.493967
0.645168
0.756825
0.414485
-0.202023
-0.377543
-0.624199
0.125786
1.07831
0.627925
1.38194
1.3593
0.880218
0.871131
0.955682
1.20544
0.785437
0.827618
0.896082
0.650894
-0.695419
-1.16619
-1.21979
-0.211844
-0.11969
-0.000192277
0.423713
0.494866
-0.472128
-0.290008
0.380565
0.222815
-0.202644
-0.390935
-0.165677
0.481649
1.35392
0.804756
0.981428
0.81117
-0.310986
-0.301985
-0.0244948
-0.217755
0.260126
0.711432
-0.67426
-0.521986
-0.968726
-0.244393
0.425558
0.0636674
0.379559
0.644073
0.878597
-0.0283831
-0.386992
-0.624256
-0.283371
1.08637
0.689066
0.15452
0.371867
0.575118
-0.419216
-0.754967
-0.724644
0.233466
-0.0243778
0.750536
1.70137
1.51268
1.48827
0.559631
0.232104
0.138394
0.871684
0.731505
1.21616
1.53225
-1.56605
-0.68915
-0.676318
-1.29941
-1.00621
-0.277462
0.0791637
-0.067316
-0.888141
-1.7166
-0.898053
-0.411848
-0.537688
0.167117
-0.647477
-0.719442
-0.979278
-0.539202
-0.653991
-0.323571
1.17467
0.919119
0.555389
1.04255
1.05332
2.01068
1.33517
0.502941
0.44077
0.384494
-0.49667
-0.212471
0.329908
0.0238365
0.260225
-0.40887
-0.990893
-1.09837
-0.900224
-0.251536
-0.462704
-0.0368463
0.416772
0.536084
0.995729
1.18988
0.706645
1.30012
0.966662
0.420524
-0.834339
-1.27303
-1.26321
-1.33689
-1.5883
-1.41753
-0.584953
0.058149
-0.351873
-1.22215
0.536064
0.257563
-0.256554
-0.170527
0.13051
-0.218222
0.171166
-0.243196
-0.0191471
0.437414
-1.06005
-0.980515
-0.517622
-0.506864
-0.637229
-0.549562
-0.545685
-0.988461
-1.02474
-1.05496
0.458916
0.00167068
-0.499696
-0.0224822
-0.754807
-0.740748
-0.432875
-0.202847
-0.800372
-0.427252
-0.0889832
-0.202136
-0.91918
-0.558065
-0.205383
-0.00519565
-0.0923142
-0.102732
-0.131831
-0.586647
0.606546
0.356793
0.170622
0.372761
0.0478195
-0.632317
-0.491452
-0.200818
-1.159
-0.476582
1.19046
0.875443
0.635771
0.9218
-0.0323735
0.33818
0.348657
0.878007
1.09503
1.41187
-0.857223
-0.535882
-1.06215
-0.770041
-0.243956
-0.205303
0.582215
0.94009
0.339535
0.208418
-0.0421782
-0.656409
-1.19499
-0.499468
0.43207
0.540716
0.764855
0.349187
0.235419
0.278885
-0.185112
0.278041
0.284311
0.638025
0.432123
0.163735
0.64835
0.796884
-0.606173
-0.385467
0.867771
0.595717
1.03271
1.57789
0.507323
0.342703
0.840724
0.41702
0.669817
0.754101
1.04604
0.797623
1.16906
0.205455
0.0331833
-0.334712
0.176535
0.226207
0.253086
1.48109
0.0885151
0.409299
1.10661
0.456335
0.210399
0.107887
0.285419
0.411416
-0.223789
-0.292821
1.98482
2.21539
1.32465
1.76229
1.66552
1.49406
0.75505
0.151
0.593948
1.55696
1.41016
0.572506
0.268918
0.365132
0.0508674
-0.444162
-0.496505
-0.618507
0.247535
0.957913
0.714707
0.48376
0.261708
-0.1657
0.226028
0.120471
-0.713871
-0.29761
-0.288057
0.196186
1.66238
1.77508
1.41438
1.19405
1.33466
1.53798
1.50425
1.25832
0.259085
0.755689
-0.623615
0.0602186
0.420569
0.661987
0.69688
0.829
0.0811875
-0.693214
-0.286807
-0.154772
0.610455
-0.519351
-0.0670271
0.449025
0.295836
0.618949
0.241004
-0.442947
0.110321
0.267081
-0.0411077
0.288115
1.14733
0.876883
0.892797
0.667104
0.474307
-0.233104
-0.477281
-0.604947
0.203778
0.915088
-0.0233531
1.33198
1.86836
1.93342
0.515899
0.704183
1.1503
0.214039
-0.461482
-0.994887
-1.07993
-0.532849
-0.618422
-0.74196
-1.06848
-0.405474
-0.538319
-0.464621
1.66904
1.25056
0.808659
-0.200835
0.154086
0.383711
1.64939
1.61161
1.58601
1.6462
-0.623532
-0.968747
-0.751144
0.414146
0.181453
-0.10323
-0.511989
-0.869088
-1.25578
-1.02251
-0.112725
0.0424201
0.906461
0.840569
1.47427
0.71556
0.703035
0.501175
0.577403
0.378068
0.350501
0.0647287
0.113842
0.0887247
-0.51374
-0.292648
-0.250392
-0.242987
-0.148267
0.12034
0.340738
0.135733
-0.113448
-0.0833642
0.608667
0.476246
0.920873
0.5935
0.630778
0.852578
-0.0812033
0.118178
0.957607
-0.012369
0.137969
0.150483
0.340517
0.299258
0.0228
0.00451681
-0.621346
-0.198233
0.5136
0.258359
-0.0815173
-0.164946
0.15878
-0.89347
-0.987981
-0.512012
0.645953
1.46714
1.45819
1.42894
1.07854
0.641334
-0.47239
-1.40988
-0.70975
0.304129
-0.146862
-0.230411
-0.114376
-0.404679
0.220378
0.520992
1.0726
0.963491
0.452164
0.236019
-0.643776
-0.137092
-0.026894
0.00719093
-0.339314
0.35731
-0.345645
0.0532848
0.0873382
-0.241794
0.0699143
0.472679
0.537082
0.868115
-0.263463
0.551196
0.47595
-0.027746
-0.401705
-0.161388
0.679219
-0.47174
-0.0528017
-0.661487
-1.5719
-1.11516
-1.28392
-0.613589
0.415218
0.211585
0.730213
0.862706
1.29582
0.430104
0.636386
-0.101673
-0.425313
0.0484258
1.0211
0.165538
0.0175745
-0.121035
-0.313876
0.592279
0.603712
-0.0413931
0.646228
0.519744
0.122437
-0.360754
-0.43039
0.308069
1.26418
1.06772
0.273406
0.106406
0.0856066
-0.0964803
-0.621991
-0.428178
-0.0214754
-0.412926
-0.522265
-0.437409
0.247972
0.511023
0.749806
0.595323
0.277267
0.108137
0.204396
-0.0517211
0.299
0.227749
0.545227
0.988766
0.733868
0.649995
0.0270142
0.23197
-0.195286
-0.807725
-0.503185
-0.0155565
-0.603918
0.195667
0.0175412
-0.271303
-0.228892
-0.212765
-0.0997831
-0.2776
-0.848812
-0.987778
-1.15868
-0.777093
-0.794449
0.275091
0.224261
-0.355866
0.685553
0.266591
0.118822
-0.275867
0.454035
1.32007
0.819655
-0.182926
0.013397
0.153133
-1.63796
-1.47195
-1.23179
-0.815695
-1.57897
-1.25514
-1.94437
-1.39539
-1.50225
-2.14108
0.377937
0.17587
-0.576773
-0.638051
0.197855
-0.456852
-0.541141
-0.540347
-0.226436
-0.227402
-0.505994
-0.0568018
0.608005
0.354935
0.489986
0.999438
1.24825
0.743743
0.377139
0.252939
-0.882898
-0.506386
-1.12083
-0.0694477
0.409826
0.63336
0.304484
-0.567055
-1.63277
-2.02799
-1.21027
-0.526085
-0.503732
-1.19664
-1.18511
-1.14764
-0.445764
0.106079
0.630081
-0.231995
-0.00271607
0.0820245
-0.398779
-0.112375
0.691024
0.320355
0.206843
0.392396
-0.0609948
-0.123776
-0.238642
0.278045
0.538727
0.189483
0.47689
0.177654
-0.566658
-0.360379
-0.457468
-0.852986
0.722623
0.741861
1.47941
1.551
1.25132
1.15999
0.59331
0.458042
0.925617
1.15745
-0.814683
-0.434392
0.904731
1.35309
1.70578
1.91258
2.25691
1.64634
0.918733
-0.0129675
-1.63667
-1.27454
-0.986385
-0.837313
-0.0142647
-0.142787
0.246423
-0.546527
-1.04881
-1.17717
-0.661411
-0.682354
-0.0398513
-0.0963121
-0.234954
-0.842583
-0.834753
0.207904
-0.420273
-0.275129
-0.151863
-0.359049
0.110635
0.668659
0.240235
0.768476
0.784639
-0.0153087
-0.642653
-0.564086
0.0448789
0.433134
0.115513
0.717209
0.519885
-0.0280642
0.355439
0.450974
0.783732
1.02773
-0.720177
-0.787687
-0.929025
-0.753584
-0.918719
0.101721
-0.227164
-1.29401
-1.60885
-0.664755
0.886275
0.471954
0.611994
0.449551
-0.10684
0.708456
0.703796
0.967346
0.130332
0.342337
0.25582
0.98003
1.19674
0.694466
0.634362
0.22262
0.252093
0.393823
0.212019
0.782593
-0.101826
0.669984
-0.0597409
-0.499424
-0.501346
-0.429765
0.803484
1.86426
1.82735
0.931382
0.502155
-0.576015
-0.639792
-0.181621
-1.20209
-0.758458
-0.650537
0.290785
0.61572
0.264373
0.681088
1.299
1.2052
1.22671
0.380687
0.0575679
0.938085
0.524101
1.00278
0.642002
0.620833
0.0839117
-0.788939
-0.675374
0.144487
-0.176683
0.338066
0.436075
1.04789
1.04292
-1.311
-1.00272
-0.157626
0.684252
-0.181599
0.111298
-0.896329
-1.3385
-1.13571
-1.18203
-0.646249
-1.45139
-1.48108
-0.855948
-0.684894
-0.716299
-0.421473
-0.281378
-0.0474297
-0.556492
0.262865
0.427214
-0.0862321
-0.144997
0.103266
-0.466847
0.758821
0.761206
0.355723
0.54194
-0.245759
-1.1298
-0.392494
-1.42404
-0.7345
-0.672795
-0.288941
-0.951315
-0.605117
-0.947283
-0.178839
0.26035
0.182509
0.310261
0.316965
-0.495309
-0.816564
-0.973469
-0.99958
-0.528147
0.103869
-0.0197039
0.399694
0.168948
0.496774
0.106391
0.354527
0.627459
1.10512
0.113689
-0.808918
-0.648172
-0.195112
0.272021
0.40975
0.232633
-0.498688
-0.482005
-0.173146
-0.0507263
-0.997772
-0.565158
-0.560838
-0.112602
-0.815822
-0.295819
-0.990429
-0.966176
-0.78283
-0.866322
-1.34277
-1.27762
-1.47408
-0.969737
-0.110052
-0.69388
-0.707374
-1.18374
-0.87963
-1.09695
0.490006
0.124238
0.876917
0.874066
1.10238
0.400596
0.0098283
-0.845447
-0.595783
0.236028
-0.300122
-0.410956
0.20953
0.410569
0.419692
0.130213
0.434459
1.52824
1.31685
0.156422
-0.770032
-0.745312
-1.25891
-1.67005
-2.11401
-1.27201
-0.648942
-0.373793
-0.0737882
-0.540656
0.359903
0.531823
0.744031
-0.0497272
-0.0253138
-0.413375
0.222177
1.17453
0.704351
-0.0798403
-0.443752
-0.584438
-1.18499
-1.21507
-1.42226
-1.40201
-0.811253
0.167022
-0.275915
-0.510368
