0.436386
0.791778
0.628919
0.882071
1.15173
0.910245
0.287453
-0.172601
-0.795167
-0.181757
0.655697
0.190307
-0.0524634
0.566202
-0.219338
0.309357
0.113538
0.227018
0.522523
0.186961
0.0739121
-0.427071
0.392618
-0.123855
-0.898245
-0.291257
-0.514954
-0.754687
-0.343244
0.237604
0.233357
-0.127375
-0.555835
-0.156004
-0.143195
-1.09898
-0.415354
-0.0958703
0.150506
-0.210748
1.26068
0.631583
0.0910475
0.102113
-0.439768
-0.55461
0.0528117
-0.277854
0.612037
0.653577
-0.527854
-0.0987319
0.168655
-0.203914
-0.608555
-0.79001
-1.14929
-0.795449
-0.39642
-0.460162
-0.671126
-0.785317
-0.787821
-1.59712
-1.16672
-1.71481
-0.84032
-1.3145
-1.97313
-1.69356
1.53164
1.19164
0.646721
1.16885
1.84937
1.36489
1.61041
0.732407
0.743356
1.02701
1.90485
0.689092
0.759158
0.969035
1.69365
1.29254
2.02931
1.61616
1.54213
2.37763
0.341877
0.10635
0.322569
-0.522446
-0.190344
-0.582082
-0.507468
1.27878
0.537925
0.311159
-0.217113
-0.285617
0.0136896
-0.0268374
0.0147726
0.207364
0.604623
-0.163076
0.466515
0.327774
0.955978
0.675522
0.852201
0.34202
1.23907
1.71575
1.07822
1.12018
0.1153
0.00842758
0.148931
0.549497
0.559204
0.745678
0.78925
1.2274
0.296602
0.287136
0.780637
0.804759
-0.177866
-0.829931
-1.23265
-1.53557
-1.23493
-0.664266
-0.389298
0.147352
-0.843619
-0.136531
-0.179632
0.374394
-0.037855
-0.32055
-0.236565
-0.186829
0.143499
0.516545
-0.0659758
-0.519635
-0.245747
-0.365022
-0.196032
-0.496862
0.278205
0.583906
0.95735
1.17321
0.342702
0.256238
0.240767
0.186426
0.218405
-0.0818385
-0.233257
0.172764
-0.177444
-0.18402
-0.614001
-0.7062
0.497211
-0.088223
0.113803
1.48272
1.38728
1.72261
0.891684
1.48614
0.715812
1.09784
1.01583
0.745952
1.05141
0.356843
-0.869786
-0.370763
-0.261146
-0.160523
-0.176444
0.317628
-0.700488
-0.221995
-0.0999001
-0.31153
-0.641425
-0.605816
-0.976013
-0.803405
-0.642745
-0.907636
-0.198637
0.0396889
-0.705269
-1.23715
-0.947234
-0.935931
-0.0947227
-0.0875862
0.321753
-0.325304
1.28241
0.774288
1.1954
1.07792
0.150729
0.227459
-0.321363
0.241452
0.713046
0.802952
-0.376024
-0.932709
-1.3536
-1.42869
-0.274906
-0.268014
-1.14263
-0.106905
0.393413
0.392693
-1.84848
-1.52974
-1.2652
-0.41607
-0.997096
-1.03306
-1.43279
-0.762149
-1.343
-1.21914
0.00873585
-0.234457
-0.749446
-0.963904
-1.21361
-0.826402
-0.496718
-0.719399
-0.6519
-0.287742
0.274229
-0.308675
0.122891
-0.504879
-0.709482
0.32782
0.0494139
0.088077
1.11494
0.646948
-0.061946
-0.0123428
0.0272557
-0.0269089
-0.294096
0.167962
0.575318
-0.048789
0.51844
0.163779
0.377164
0.505904
0.274959
-0.359778
0.233744
0.474628
-0.318399
-0.225401
-0.331339
0.240293
-0.901047
-1.58429
-1.39847
-1.69345
-1.46261
-0.857249
-1.22531
-1.06564
-1.16749
-1.06068
0.277779
-0.215878
-0.300161
-0.213662
0.187648
-0.0757865
-0.888053
-0.928945
-0.713064
0.197138
-1.37053
-0.627242
-0.697017
-1.12373
-1.43829
-1.40663
-1.02437
-0.566267
-1.00794
-1.30488
1.15555
1.86487
1.68744
1.02052
0.865773
1.22121
1.51865
0.996151
1.07642
1.24798
0.573752
-0.0670835
-0.306791
-0.796332
-0.637721
-1.0926
-1.19041
-0.732547
-0.0887325
0.483203
-0.192218
0.497518
0.247179
0.442195
0.483446
0.400685
0.725926
0.514966
0.501673
0.449597
-0.0521542
-0.772794
-0.0984758
-0.48132
-1.06329
-0.671385
-0.7831
-1.30536
-0.427041
-0.343139
-0.858085
-1.16881
-1.29178
-0.747391
-0.625948
-0.800775
-1.13207
-1.3977
-1.0821
-0.419139
-0.104723
-0.707947
-0.543784
0.23867
-0.0740295
0.611221
0.842709
1.16015
0.737617
0.79617
-0.764285
-0.483679
-0.517581
-0.90042
-1.15062
-1.56253
-1.32631
-1.32553
-1.7388
-1.63561
0.0893253
-0.513695
-0.0466635
-0.174446
-0.2036
0.31053
0.00214862
-0.0762421
0.648587
0.538045
-1.80665
-1.94471
-0.731828
0.419468
0.716851
-0.186518
0.0276827
-0.635668
-0.20853
-0.61896
-0.294362
-0.218366
-0.325055
-0.252228
-0.578214
-0.569439
-0.388294
-0.434695
0.738869
-0.0247187
-0.327574
0.665831
-0.0638868
-0.381106
0.362824
0.618191
1.42236
1.01782
0.742316
0.430171
1.03695
1.4104
0.405853
-0.184653
-0.102788
-0.563543
-0.111982
-0.774562
-0.0432639
0.568523
0.50659
0.719103
0.0666332
0.943923
1.39975
0.493821
1.0897
2.04424
1.71296
0.635482
-0.369356
-0.0539797
-0.263712
-0.795472
-0.682011
-0.677276
-0.941532
-0.710259
-0.598314
-0.0989026
1.08327
0.472281
0.869852
0.488684
0.57137
0.441514
0.441302
0.969868
0.823336
0.888818
-0.228773
-0.0179286
0.0149165
0.411992
0.262989
1.11568
0.693412
-0.116092
0.325244
-0.38449
-0.0679815
-0.68963
-0.413049
0.150939
0.0681998
0.598812
0.543181
0.161216
-0.335864
-0.798131
1.26556
1.32466
0.369917
1.00077
0.196959
-0.076191
0.258719
0.373578
1.46232
1.18184
1.45304
0.94362
1.2327
0.988682
0.618708
0.909501
0.783329
0.390115
1.11269
1.51845
1.37629
1.00108
1.28097
1.01058
1.35873
1.03464
1.41085
1.41613
1.47342
1.47512
-0.0538107
0.445406
0.0735141
0.418524
0.273527
0.617713
-0.25801
0.0614304
-0.119452
0.517689
-0.0722975
0.254629
0.295333
-0.653632
0.694609
0.89524
0.282417
0.109953
-0.138913
0.335879
1.55526
0.816889
0.533528
0.6278
0.343212
-0.16033
-0.0403618
0.605132
1.13721
0.905186
0.893262
0.471667
0.0346789
0.0698365
-0.297507
0.0343072
0.77894
0.228807
0.59352
0.836466
0.485253
-0.125639
0.271458
-0.800887
-0.589046
-0.0757401
-1.21214
-0.0997932
-0.00676766
-0.126028
0.0931006
0.262674
0.472213
0.388691
0.445124
0.751363
0.170225
-0.242901
-0.671403
-0.193586
0.430565
0.0311405
0.77097
0.90354
1.31666
1.05652
0.843612
1.34607
1.13976
1.03806
1.69632
1.55974
0.993407
0.914661
0.452748
0.138031
0.4714
0.0550595
0.74058
0.528315
0.292702
0.0403289
-0.302917
-0.355556
-0.131098
-0.156322
-0.578052
-0.302223
-0.363093
-0.466288
0.485556
0.451375
0.984365
0.560067
0.603565
-0.119513
-0.272827
0.62696
0.278515
0.587236
0.889364
-0.191288
-0.0399604
-0.249718
0.366564
1.65897
0.997037
1.31978
0.413437
0.55497
-0.29639
-0.253264
-0.142447
-0.494499
-0.401586
-0.451681
-1.20204
-0.0641677
0.122576
0.89728
0.0205312
0.015236
0.179181
-0.587206
-0.819039
-0.650945
-0.486965
-0.183713
0.353875
0.801605
0.472641
0.536554
-0.119878
0.453158
-0.245867
-0.750775
-0.438715
-0.0748504
0.0196306
-0.293171
-0.526529
0.123658
-1.04699
-1.58378
-0.922074
-0.60097
0.415977
0.518329
0.533936
0.212707
-0.983154
-1.2375
-0.934158
-0.596841
-0.246312
0.358639
0.465788
0.567308
0.70671
-0.569919
0.599751
1.04265
1.42085
1.13522
0.669882
0.834227
1.23593
0.0779429
0.590966
0.363396
0.0544466
-0.142815
0.00568241
-0.714595
0.290468
-0.114677
-0.855929
-0.571826
-0.258267
-0.144992
0.799245
0.0468031
-0.0577936
-0.137724
-0.762405
-0.663151
-0.175541
-0.338376
0.281864
-0.021749
0.935344
0.838992
0.751924
0.311227
0.402977
0.739422
0.25189
-0.070955
0.881244
0.790679
1.41266
1.40058
1.11481
0.79805
0.886517
0.748673
0.284938
0.674499
1.14739
1.66226
-0.0775249
-0.285425
-0.123368
-0.552519
-0.247224
-0.124523
0.0444443
-0.161412
0.216694
0.354429
0.832494
0.652015
0.608138
0.452905
1.08236
0.806779
1.20712
2.27598
1.60566
0.930939
-0.930392
-1.08614
-0.33421
-0.669311
-0.0274088
-0.135917
-0.608809
-0.682487
0.238911
-0.116398
-0.0166736
-0.423124
-0.409353
-0.318003
0.126631
0.195245
-0.0774931
0.410869
1.34982
0.271541
1.15933
0.960789
1.75653
1.04806
0.224651
0.0566865
0.450038
0.195062
0.428299
0.77391
-0.174735
-0.30781
-0.342701
-0.645092
-0.589323
-1.09485
-0.414177
-0.317748
-0.202257
-0.412372
0.849382
1.17421
0.625962
0.228137
0.0406617
0.0470673
0.311162
0.630896
0.0676053
0.855901
-0.791868
-0.635683
-0.294167
0.00185308
-0.0971236
-0.30069
-0.564271
-0.976227
-0.742496
-1.45021
-0.352421
-1.25343
-0.836195
-1.31019
-0.154042
-0.534966
-0.213645
-0.317303
-0.166281
-0.37354
-0.612854
0.202852
0.537227
0.023838
0.294238
0.141017
-0.278726
-0.119317
-0.693643
-0.73132
0.412086
1.55021
0.813849
0.879986
0.759707
1.00797
1.11966
0.813179
0.477992
1.03243
-1.3274
-0.936514
-0.496811
-0.808864
-0.838414
-0.545136
-0.960257
-2.00508
-1.44116
-0.886768
0.145863
0.286472
0.169342
-0.373717
-0.204517
-0.585637
-1.09229
-0.60321
-0.799543
-0.703217
-0.598595
-1.25626
-1.46551
-1.21789
-1.64155
-1.26459
-1.17884
-1.16523
0.0747617
-0.331094
-0.519946
-0.145162
-1.10954
-0.795532
-0.0443515
-0.0677658
-0.554661
0.192354
0.0429604
0.0806311
-0.366861
-0.326851
0.154024
0.596877
0.693347
0.661699
0.980929
0.235169
0.334776
0.773571
-0.797943
-0.768796
-0.550062
-1.12936
-0.217179
-0.949335
-0.55497
-0.941173
-0.827104
-1.11667
1.3146
1.51786
0.620923
0.446935
0.0283147
0.531021
0.829067
1.23798
1.11427
1.08375
1.17622
1.14561
1.59798
1.536
0.102219
-0.418433
-0.965388
-0.431309
0.388035
1.0066
0.197429
0.160661
0.857924
0.310336
-0.302556
-0.139635
0.887261
0.0235314
-0.0452632
-0.0575167
0.33467
-0.261067
-0.210212
-0.666432
-1.44666
-1.08976
-0.328857
-0.55055
-0.532352
-0.707673
-1.05464
-1.52318
-0.767726
-0.105408
-0.469442
0.0415615
-1.1246
-0.315823
-0.835035
-1.50422
-0.386038
-0.320768
-0.173677
-0.390605
-0.348867
-0.28687
-0.54472
-0.411438
-0.976569
-0.907067
-0.0891632
-0.0335124
0.111724
-0.0039443
0.271339
0.0268018
0.355535
0.288255
-0.112872
-0.618197
0.0791223
0.25274
0.182366
-0.111558
-0.185625
-0.207449
0.46908
0.558924
0.119626
-0.222666
0.626727
0.377808
-0.268355
-0.520188
0.148381
-0.0704424
0.100661
0.663419
0.354621
0.988056
0.524443
0.675478
0.794449
1.41784
1.25209
0.719519
0.661683
0.580711
0.661856
0.890465
0.485402
0.263428
-0.154614
0.729555
1.18765
1.21981
0.803264
0.785609
0.510014
0.965545
