-0.483073
-0.393824
-0.798357
-0.467137
0.736803
-0.660694
-1.27983
-0.820776
0.36828
-0.574677
0.808386
0.335621
0.287676
-0.385607
0.121882
-0.391577
-0.236267
0.613719
0.430698
0.229333
-0.35378
-0.438937
-0.591673
-1.12545
-0.715717
-1.06264
-0.0338244
-0.409649
-0.442084
0.270936
-0.673305
-0.331385
-0.281643
-0.341775
-0.703469
-0.811257
-0.22614
-0.259814
-1.57697
-0.464766
-0.322683
-0.141848
-0.776581
-1.12565
-0.93252
-0.182955
-0.0230592
0.174374
0.317156
-0.052637
-0.328315
0.209301
-0.871886
0.378988
1.16459
0.317533
0.92987
0.467174
0.772564
0.817788
-0.559818
-0.668218
-0.518157
-1.62949
-1.54825
-2.09204
-0.907788
-1.27529
-0.691807
-0.434355
0.225893
1.01701
0.690901
0.761934
-0.0301335
-0.217297
-0.409503
1.25834
0.242293
0.147791
-1.0388
-0.995042
-1.00839
0.601347
0.834903
0.673147
0.959564
0.677051
-0.481413
-0.12834
0.646244
-0.0513383
-0.0580216
0.160976
1.01269
1.44913
0.71552
1.11588
0.775457
-0.0129466
0.132233
1.09796
0.757965
-0.545411
-0.13015
-0.453632
0.461069
0.0736127
-0.926321
-0.055109
-0.212968
-0.705052
-0.321946
0.186595
0.721996
-0.0247265
0.628099
-0.213469
-0.104871
0.166318
0.0783062
-0.03252
-0.419071
-0.123745
-0.167963
-0.251347
-0.297197
-0.591219
-0.516261
1.14652
-0.800344
-1.18634
-0.293684
0.823011
0.218439
-0.133856
-0.365683
-1.10368
-2.04409
-0.990982
0.945466
0.854273
0.65803
0.635647
-0.493436
0.590655
1.49334
1.26897
1.28621
1.45124
-0.0110357
-0.273749
0.102768
0.177534
-0.313336
-1.28772
-1.0509
0.156226
0.204086
-0.373083
-0.347687
-0.776884
-0.0128821
0.181516
0.614317
-0.0887151
1.00298
0.805507
0.718899
0.836025
-0.303002
-0.302037
-0.67572
-0.141393
0.104077
-0.0918672
-0.585686
-0.493675
-0.179393
-0.882227
0.544335
-0.229491
0.0522413
0.995094
0.422343
0.580583
-0.238181
-0.0958765
0.125782
0.969041
0.0169706
0.563077
0.406078
0.319462
-0.118145
0.0427041
0.449905
0.269768
-0.101808
0.0979437
-0.304249
-0.393287
-0.349588
-0.122289
0.172815
-0.176665
0.195333
-0.955482
-0.989466
-0.242199
0.520313
-0.147083
-0.677177
-0.426917
0.154143
0.0985945
-0.897573
-1.51456
-0.1041
0.485996
1.74954
1.11106
1.32145
1.77101
1.46095
0.239932
0.784122
2.32482
1.30794
0.446415
-0.182783
-0.261933
0.104706
0.290746
0.163101
0.850158
0.754415
0.143193
-0.0646723
0.59191
0.321942
-0.244732
-0.145458
0.28681
0.289935
0.112342
-0.348821
-0.0481537
0.00904553
0.324675
1.08604
1.08966
0.788014
0.683511
-0.2411
-0.573789
0.0361396
0.636451
0.136039
-0.506616
-0.558385
0.0390237
-0.296952
-0.160664
-0.421672
-0.505805
-0.571114
-0.156751
0.103182
-0.409628
-0.370359
0.638679
0.617763
0.198359
0.00873278
-0.275292
-0.212074
0.678477
0.732094
0.134276
0.0856681
0.681466
1.09978
1.56186
1.0627
1.30814
0.811749
0.342391
-0.0105193
-0.706703
0.37725
1.09923
1.96469
2.10516
1.75956
1.68997
0.673923
0.328442
0.681137
1.15515
0.155653
-0.665098
-0.984265
-1.67378
-0.132926
0.121075
-0.545888
-0.0468734
0.159741
-0.169816
-0.243416
0.959732
0.873025
0.475263
0.312432
-0.0286581
-1.2879
-0.745488
-0.472437
-1.11642
0.725588
0.712322
0.458374
0.0327876
-1.03074
-1.34491
-0.861663
0.138589
0.653902
-0.574474
0.38784
0.224324
-0.729657
-0.979501
-0.564912
-0.435256
0.52214
-0.768769
-0.39433
-0.107066
-0.56168
-0.413134
0.0731648
-0.0748436
-1.28756
-0.603967
0.588736
0.893466
-0.176414
-0.460609
1.07554
0.316697
0.0741521
0.665915
0.446629
-0.211255
-0.0288151
-0.188197
-0.0177149
0.0018401
0.369508
0.897768
1.59477
1.4289
1.57374
1.35975
0.0631229
-0.295962
-0.199421
-0.224149
-0.153871
0.70822
-0.356853
0.497617
0.445643
0.671785
1.01245
0.586586
0.815906
0.879857
-0.841732
-0.417801
-0.884337
-0.756107
-0.0699847
-0.780635
-0.782966
-0.884903
-1.17629
-1.29356
0.465401
0.857755
0.163222
0.115283
-0.112856
-0.848797
-0.825
-1.19393
-0.328347
0.584525
1.31207
-0.261859
0.539442
0.325055
-0.0642374
-0.436979
0.191553
0.333198
-0.0492843
0.786625
-0.204646
-0.887438
-0.15931
0.232436
0.998547
0.287653
0.579223
-0.19128
0.333998
0.232593
-1.33869
-0.375371
0.545878
0.300729
-1.27237
-0.914631
-0.868189
-0.287526
-1.65018
-1.74581
0.0935944
-0.425149
-1.46882
-1.03248
-0.552104
-0.901492
-0.380646
-0.896061
-0.343409
0.565952
-0.669866
-0.313176
-0.295695
-0.169
-0.545419
-0.562476
-0.286173
0.296187
0.515841
-0.12692
1.23185
1.11062
-0.838206
-0.517151
0.0448933
-1.20978
-0.376468
-0.279586
-0.270785
0.214539
-0.554001
-1.0357
-0.579322
-0.603645
-0.247136
-0.165533
-0.491711
-0.105984
-0.139158
-0.459729
-0.563404
-0.407245
0.514358
0.938438
0.69114
0.22605
-0.514356
-0.944335
-0.905258
-1.17935
-0.00954877
0.273968
0.0490013
-0.602506
-0.62401
-0.72231
0.577166
-0.0886731
-0.0708849
0.258094
1.41129
0.837129
1.09565
-0.150285
0.207677
1.89425
0.65258
0.462301
0.53225
0.770301
-0.185339
0.0151564
0.85129
0.687644
0.207213
0.200402
0.700368
1.3739
0.870981
-0.219801
1.78075
0.98227
0.485849
-0.0148966
-0.452115
-1.05953
-1.27693
0.407946
-0.00498539
0.911589
0.0560017
0.855893
-0.329826
0.301036
0.542379
0.148629
-0.233674
-0.728174
-0.476313
-0.335891
-0.000672557
-0.261944
0.293645
0.0549018
0.144187
0.996519
0.96811
0.690596
1.12583
-0.0755639
-0.912648
-0.752117
-0.185837
0.103831
-0.320081
0.698071
0.511679
0.608518
0.234619
-0.034795
-0.0562583
0.6747
0.594549
0.19207
0.146806
-0.659293
-0.815279
-0.386884
0.268886
0.393966
1.33788
1.03565
0.541035
0.933819
0.0753957
0.104287
0.449153
0.399743
0.127931
0.308549
0.268299
0.629675
0.294533
0.426552
0.215783
0.263467
-0.217607
-0.242879
-0.0559993
-0.0992846
-0.663426
-0.676831
-0.674492
-0.437004
0.30463
0.950002
1.80367
1.10176
0.826167
0.06024
0.356596
0.38598
1.38062
1.52684
0.663663
0.591365
0.224777
-0.459784
-0.752119
-0.109789
2.29692
1.04641
0.142351
0.339614
-0.212274
0.174915
0.626039
1.56132
0.624296
0.940572
-0.821028
-1.56385
-1.39336
-0.741582
-0.0830951
-0.00948918
-0.508487
-0.844362
-0.318558
-1.76903
-0.31164
-0.373804
0.349683
-0.0593658
0.199393
0.197155
-0.156614
0.07171
-0.194098
-0.249314
-0.79675
-0.596836
-0.805523
-0.98969
-0.419613
-1.25703
-0.929117
-1.39096
-0.128934
-1.41693
-1.08986
-1.17081
-0.67954
-0.972788
-0.212383
-0.208009
-1.36682
-0.521938
-1.34923
-1.43823
0.133222
1.44268
-0.192325
-0.0960505
-0.802333
-0.476126
0.52793
0.567668
0.816983
0.714403
0.68351
-0.496363
-0.123346
-0.492208
-0.728877
0.739789
-0.028605
0.423926
-0.750261
-0.299348
0.647506
0.652915
0.0551184
0.109391
1.83109
0.942304
1.25112
1.01263
1.34233
0.480097
0.773285
0.894934
0.312041
0.346706
-1.64092
-0.570354
-0.0693294
0.191206
1.09575
0.532491
0.000664931
-0.196042
-0.120344
-0.641897
0.0917411
0.164422
-0.483729
0.237525
0.727947
0.606207
0.152709
-0.752334
-0.227314
0.729717
1.46792
0.132294
0.0711333
-0.115002
-0.240493
-0.175598
0.41764
0.852897
0.548216
-0.89135
-0.140622
-0.00336055
-0.0697919
-0.469725
-0.0738152
-0.192049
-0.44343
0.236642
-0.207469
-0.913486
-0.501347
-0.289016
-0.082308
0.0993781
-0.39176
-0.334412
-1.17097
-1.4365
-0.62809
0.210863
0.12286
-0.791324
0.606786
-0.309897
-0.349859
-0.323058
0.495614
0.270247
0.552261
0.404377
-0.208304
-0.295815
-0.345642
-1.03366
-0.491596
-0.422191
-1.07865
0.3674
-1.14387
-1.61946
0.0346533
0.0221536
-0.0684793
-0.83353
-0.955955
-1.1685
0.723378
0.154166
-0.352501
0.846358
0.468655
-0.506263
-1.02234
-1.17441
0.118167
-0.314659
0.462949
-0.462167
-0.191849
-0.176035
-0.00767959
0.210456
0.98648
1.52525
1.13058
1.16373
1.07297
0.542809
1.03319
0.711169
-0.300444
0.777696
-0.412735
-0.0977674
0.567774
0.167638
0.387852
0.405825
-0.422325
0.0271426
-0.0505793
0.182537
0.802881
1.32369
-0.0126967
-0.0613211
-0.35004
-0.758718
0.324837
0.415532
-0.211476
0.621587
-0.31309
-0.499021
-1.1121
-0.103603
-0.870478
-0.914186
-0.830486
-0.482731
-0.00653408
0.10957
-0.22611
-0.329042
0.764328
-0.543337
0.190941
-1.30635
0.168138
0.196331
0.72184
-0.275959
0.864129
0.774276
0.867561
0.70353
-1.44126
-1.04844
-1.58303
-1.65333
-0.808577
-0.960152
-0.635297
-0.601573
0.213867
-0.852727
-1.16119
-1.28587
-0.981453
0.128512
0.17988
-0.0122742
0.415005
-0.274644
-0.650173
-1.27485
0.350021
-1.10759
-0.321751
-0.356683
-0.160771
-0.640038
0.455592
-0.523792
0.426103
0.222142
1.08534
0.193963
0.876946
0.661655
1.20017
0.633918
0.552215
1.45008
1.32339
2.07715
-0.905731
-2.45692
-1.53241
-2.05452
-2.03929
-2.32145
-1.11462
-0.224898
-0.579972
-0.178057
-0.759957
0.328407
-0.327686
-0.28441
-0.58479
-0.11496
-1.18366
-1.86237
-2.06726
-1.31237
0.654173
0.180627
0.613408
0.477613
-0.0834674
-0.921158
-0.577827
-0.748694
-1.22783
0.297587
1.24506
1.07352
1.27872
-0.26005
-0.659138
-0.662133
-0.300049
0.966502
0.435444
0.497678
-0.17884
4.98632e-05
0.525947
0.317123
0.548853
0.137766
0.516956
-0.289115
-0.461276
-0.211206
0.0358618
0.736324
1.08714
0.632369
-0.552234
-0.452702
-0.582156
-1.20071
-0.507029
-1.14691
-0.109905
0.691216
1.74833
0.755229
0.155701
1.15442
0.284802
-0.603876
-0.548748
0.472513
0.473146
0.979296
0.868511
0.717961
0.318152
0.369423
0.688088
0.67486
1.32586
0.485555
-0.379803
-0.177132
-0.0353572
0.83019
-0.0383333
-0.6995
-0.624795
-0.483148
-0.529664
-0.461259
0.268637
-0.529846
-0.26167
0.353466
-0.577205
-0.137139
-0.47864
-0.888909
-0.604922
-0.737372
0.0218956
0.693189
0.149047
0.0965752
0.541472
0.213011
-0.341506
-0.183397
0.235677
-0.841036
1.29306
1.59521
-0.206412
-0.650893
-0.37926
0.0365141
0.23769
0.311363
0.0356376
0.780374
-1.49177
-1.48398
-0.256789
-0.37024
-0.731366
-1.06335
-0.683135
0.105575
-0.570134
-0.493625
