-1.22564
-1.15775
-0.355026
-0.549034
-0.741619
-1.21159
-1.57171
-1.44034
-0.959437
-0.994915
-0.0681399
0.574856
-0.0357383
0.210321
0.069139
0.843652
0.684809
1.67818
1.36647
0.166146
1.04546
0.865825
0.166157
-0.337818
-0.41473
-0.227476
0.698848
0.627194
0.897421
1.16297
0.605331
0.233621
0.673211
0.662976
0.0447276
-0.468597
-0.0590354
-0.0369718
0.00488809
0.587991
-0.787571
-1.19783
-1.22316
-0.845197
-0.600884
-0.0641185
0.0112681
-0.162273
-0.874275
-1.28827
0.110366
0.69567
0.646797
0.657762
1.26963
0.896697
1.02738
0.63305
-0.0889037
0.0740345
-0.53677
-0.234599
-0.508251
-1.00194
-1.28835
-0.187725
-0.586837
-0.848835
-0.485737
-1.00127
-1.35407
-1.3202
-1.58109
-0.237373
-0.324633
-0.0803201
-0.254051
-0.311011
0.0320213
-0.510929
1.34856
0.793768
0.602762
0.377638
0.876386
0.812759
1.34975
0.520457
0.319725
1.41722
-0.398794
0.130088
0.672202
0.576654
-0.318947
-0.788409
-0.779539
-0.627848
-0.644399
-0.503291
-0.373232
-0.616355
-0.282648
0.133362
-0.594694
-0.517232
0.0162525
-0.31018
0.183089
-0.0799635
0.859513
1.63959
0.875841
0.502115
0.260038
-0.216819
1.39913
1.54103
1.32058
1.52884
-0.0730104
0.210267
-0.261543
0.254057
0.280183
0.300153
0.840833
0.819219
-0.308256
0.30522
0.474514
-0.215592
-0.405643
-0.465895
-0.508739
-1.5211
-0.38214
-0.414541
0.519634
0.410349
-0.606072
-0.501036
-0.901493
-0.398913
-0.441359
-0.131619
-0.184633
-0.562331
0.333288
-0.427895
0.783618
0.954654
0.0786042
0.629299
1.36001
0.175776
0.557201
0.872725
0.20048
0.732691
-0.751439
-0.911667
-1.21729
-1.40825
-1.2674
-1.12727
-0.978096
-1.474
-1.07095
-0.401707
0.962356
0.217694
-0.294221
0.295166
-0.161709
0.330789
0.594685
0.946316
0.775872
0.629432
0.644974
0.795513
1.25128
0.70096
0.259421
0.144028
0.509395
0.680243
0.163614
0.256681
0.410728
0.646631
1.25246
0.448928
0.20008
-0.1714
0.430342
0.433437
0.645487
-0.7821
-0.000624647
-0.000345129
0.0345367
-0.0950174
-0.183335
0.0567151
1.00838
0.754121
0.619382
-0.159619
-0.243656
0.137632
-0.624884
0.0186982
-0.430337
-0.551767
0.0949023
0.386537
-0.536739
-0.459206
-0.886863
0.012888
-0.388259
0.53654
0.0821539
0.0882466
-0.00165181
-1.66325
-0.873435
-0.267987
0.607116
0.708785
0.772186
0.715041
0.618937
-0.250421
0.263712
0.825113
-0.690275
0.221066
0.150356
-0.219392
0.457393
0.0677997
-0.596499
-0.709274
-0.464293
-0.191556
-0.198802
-0.185892
-0.472386
0.354374
0.501309
0.408772
0.0717447
-0.181948
-0.0179494
-0.373186
-0.414529
-0.242773
0.687234
-0.247819
-0.961369
-0.758235
-0.500994
-0.0198177
0.357141
0.082447
0.0977071
0.72712
-0.297084
-0.478492
-0.208097
0.560159
0.846423
0.646063
0.449456
-0.572397
-1.23415
-0.808022
-0.0717767
-0.176013
0.45119
0.296985
0.0218848
0.22127
0.0683386
0.490092
0.458385
0.363501
-1.11903
-0.170383
-0.526499
0.315853
-0.052089
-0.789644
-1.29339
-0.458848
0.0255032
0.0566784
0.722246
0.35181
0.317308
0.321293
-0.520926
-0.724848
-0.579135
-0.258918
0.153906
0.346343
0.939241
1.16966
0.938422
1.08158
0.878915
1.24734
1.31396
0.571441
1.32133
1.37302
-0.826904
-0.295165
-0.423567
-0.474575
-0.998892
-0.206432
-0.44615
-0.0805805
0.38829
-0.520078
-0.269689
-0.0659189
0.918851
0.62064
0.659087
0.0441369
0.620059
-0.317778
-0.562757
-0.781546
0.240515
-0.0831707
0.91773
1.4323
1.02941
0.972382
0.827188
0.748235
1.14478
0.414453
-1.48213
-1.80105
-0.356419
-0.0515562
-0.934986
-1.34963
-0.459837
-0.625739
-0.139466
-0.162016
-1.31882
-0.700338
-0.540339
-0.233935
-0.983352
-1.13981
-0.500702
-0.831946
-0.827342
-1.71072
-0.735338
-0.695785
-0.921415
-1.26574
-0.541026
-1.92807
-1.97605
-1.21433
-0.72546
-1.3681
0.0758518
-0.205077
0.582007
0.781117
-0.702179
-0.538114
0.435021
1.15351
0.482501
0.00593473
1.57841
0.0154642
0.256231
-0.0132734
-0.216869
0.395043
1.42925
0.425509
0.98774
0.874967
0.595087
0.382367
-0.110424
-0.379512
-0.43715
0.356634
0.364833
0.73475
0.135178
0.780816
0.600129
0.565684
0.606269
0.380563
1.01356
1.53414
1.02158
0.742886
0.182702
0.0636269
-0.511293
0.00936504
0.698723
0.41523
-0.363952
-0.301474
0.0448298
-0.865541
0.458683
0.26822
0.469778
-0.0839712
-0.820419
-0.20555
-0.420402
-0.0344569
-0.37716
-0.274766
-0.157594
0.503275
0.751667
0.197323
-0.134088
-0.0905969
-0.387396
-0.522365
-0.39018
0.332633
0.732909
1.08077
-0.634828
-0.402347
0.0107336
0.38244
-0.297087
0.0359104
-0.225249
-0.785308
-1.2547
-0.664325
-0.396535
0.419922
1.04776
-0.36899
-0.185693
-0.0511731
-0.351846
-0.41015
-0.168688
-0.137155
-1.12211
-0.684723
0.199574
-0.344628
-0.437097
-0.931335
-0.331748
-0.436441
-1.28807
-0.69324
0.834952
1.17951
1.67056
1.94133
1.20284
1.04273
0.481594
0.412338
0.248549
0.300358
-1.65849
-0.934787
-0.75573
-0.0590716
0.541487
0.139118
-0.0150691
-0.370208
-0.923162
-1.33957
0.176332
-0.218922
0.110071
-0.126029
-0.189954
-0.621828
-0.539135
-0.0952506
-0.168646
-0.00263741
-0.586699
-0.76221
-0.0437465
-0.865968
-0.701258
-1.06362
-0.217856
0.19069
1.27013
0.167268
0.270969
0.0248697
-0.277328
0.985431
-0.0837104
-0.00794465
0.667632
0.0483937
0.452822
-0.151877
0.767238
0.980081
0.385308
0.571292
-0.307624
0.0272996
1.14496
0.179038
0.766194
0.69635
-1.14613
-1.75281
-1.07717
-0.440613
-0.282539
-0.0858627
0.237557
0.409562
-0.178312
-0.623005
-0.842093
-0.969671
-0.178002
-0.318956
1.00331
0.461045
0.4049
1.04768
-0.563691
-0.788102
0.51362
0.390999
0.230174
0.166859
0.223477
0.0424974
-0.0703708
0.0541324
0.136038
0.609396
-0.361845
0.194671
0.0473879
0.298256
0.0695941
0.419993
0.0993346
1.03899
0.490175
0.0593234
-0.217036
0.207936
-0.0407392
-0.127492
-0.170045
0.0522708
0.407136
0.0909894
-0.706235
-0.835622
-1.1175
-0.991285
-0.338541
-0.795907
0.935932
0.25161
-0.243408
-0.615076
-0.269567
-0.212394
0.624076
0.213638
0.634126
1.15828
1.39921
1.90416
1.15085
1.3131
1.26088
0.549644
-0.198494
0.479234
0.279831
0.040722
-0.469153
-0.360255
-0.481268
-0.742247
-0.31301
-0.423419
0.260807
0.764051
0.524603
0.393931
0.395475
0.190364
-0.776279
-0.54183
0.767463
0.375301
-0.181247
0.10126
0.621706
0.682424
0.695981
-0.225998
-1.36014
-1.10384
-0.122267
-0.0171591
0.0867238
-0.377921
-0.0468457
-1.0045
-0.732614
-0.403089
-0.964666
-0.347807
-0.881253
-0.396857
0.0864371
-1.59124
-1.09631
-0.565233
-1.12404
-1.21142
-0.186143
-0.361506
-0.633106
0.359991
-0.00732058
-0.342993
-0.950473
-0.714723
0.281334
-0.0910663
0.535251
0.406061
0.366294
-0.741352
-1.80263
-2.27862
-1.67419
-1.27725
-0.984953
-0.197904
0.717797
-0.229317
-0.840869
-1.91493
-0.554925
-0.457895
-1.07501
-0.775354
-0.899922
-0.310994
-0.353195
-0.324998
0.0380092
-0.242607
0.955561
0.614437
0.425748
-0.642031
-0.0990691
-0.85147
-0.313919
-0.702608
-0.325017
0.545727
-0.62742
0.577998
0.547426
0.481002
0.369388
1.48701
1.24238
0.74473
-0.187324
-0.211689
-1.21691
-0.561528
-1.18743
-1.38206
-1.24606
0.287148
0.596318
1.3297
0.961655
-0.203972
-0.927152
-1.38441
-0.142127
-0.655646
-1.63211
-0.616573
-1.37779
-1.14919
-0.786834
-0.401772
-0.00735552
0.328919
-0.461538
-0.74448
-0.566361
-1.20838
0.16769
0.242405
-0.429075
0.118826
-0.906587
-0.714889
0.205916
0.267627
-0.290222
-1.40068
-0.646123
-1.61298
-1.48812
-1.8809
0.868613
1.56929
1.82115
1.62515
0.234374
0.101792
0.583322
1.14782
-0.235127
-0.0300652
0.363513
0.793854
-0.343015
0.0704704
-0.138705
0.143438
-0.467828
-0.0948581
0.356197
0.615103
-0.232898
0.0923177
-0.597715
-0.343634
-0.562063
-0.108497
0.0340381
0.263379
0.171457
-0.33278
0.0361756
-0.261934
-0.52289
-0.51401
0.128148
-0.204145
-0.16318
0.288547
0.427629
0.75324
-0.366132
0.473699
1.09306
0.885439
0.941325
0.791456
0.452539
0.539726
0.018363
0.027908
-0.00183938
0.0921205
0.0950229
-0.554323
-0.170209
-0.174466
-0.411283
-0.357557
-0.0768363
-0.120722
-0.278842
-0.771306
-0.82728
-0.880457
-0.49263
-0.224527
0.0124282
0.359468
0.7741
0.0178009
0.28241
-0.305256
-0.0910628
-0.0794352
0.840952
0.431695
1.10164
0.695727
0.151735
0.508127
0.00269122
-0.218769
-0.205157
0.63096
0.411982
0.682803
-0.590172
-0.195347
-0.0503605
-0.0805795
0.213186
-0.153116
-0.536601
-0.00529108
-0.506643
-0.489361
-0.025747
-0.448453
-0.266762
-0.462121
0.306132
0.727699
0.461821
0.634491
0.2185
-0.0879326
-0.215247
0.5927
1.31349
0.827936
-0.28934
-0.672539
-1.03673
-0.110844
-0.538289
-0.791621
0.0137386
-0.533882
-0.502526
-0.202407
1.23408
0.292068
1.09188
0.602471
-0.186161
0.363195
0.360838
0.315762
0.638835
0.993896
0.364929
0.0472004
0.206934
0.190493
-0.261322
-0.432049
0.138835
0.550004
-0.411565
0.00121542
0.204202
0.287861
1.10345
0.850215
0.274781
0.582325
1.1336
0.0239039
0.739938
0.843339
-0.430468
-1.03537
-0.198123
0.471197
-0.295177
-0.456716
-0.168294
0.266788
0.222501
-0.45412
-0.2686
0.515225
0.638664
1.00989
1.33976
0.575037
-0.0306595
0.790088
-0.515773
-0.788534
-0.133704
-0.832479
-0.971637
-1.35257
-0.53254
-1.41817
-1.1588
-0.315533
0.0529331
0.189745
0.0564544
0.658744
1.32444
1.76093
1.57049
1.02882
0.527185
0.26439
0.435245
0.217016
0.690219
1.5853
0.920306
0.49977
0.54693
0.405322
1.28033
1.74962
1.49865
1.2265
2.20949
1.25514
0.914554
1.66062
1.51839
1.78823
1.70534
0.499009
0.18839
0.731641
1.12503
1.11697
1.24336
0.993569
0.838557
0.409372
0.531187
-0.311319
0.128163
0.491733
0.00658436
-0.17268
0.0878187
0.00429174
-0.489655
-0.362464
-0.0665303
0.647975
0.442194
-0.378899
0.714476
-0.159802
-1.01925
-0.219851
-0.623468
-0.0939965
-0.277617
-0.386526
-0.115706
0.0463578
1.19213
0.673456
0.47513
0.0559644
0.817876
0.955726
1.36035
1.52831
1.74878
1.44471
