-1.83548
0.682675
-0.415238
-0.977395
-0.200063
-0.124818
-0.771219
0.21595
1.20911
0.117983
-0.143025
-0.394058
-1.43498
0.185237
-0.261066
-0.479707
1.30679
0.168273
0.210027
0.264752
-0.592075
-0.065643
-0.170493
1.21581
-0.382872
0.165362
-0.360332
-0.475906
0.152261
0.0879882
0.0571888
0.383812
-0.126061
-0.528575
-0.0601483
-0.205639
-1.00998
1.12004
0.650653
-0.375338
0.813977
0.753897
-0.114798
-0.300348
0.0219737
0.58421
-0.173736
1.06185
0.346943
0.332526
0.380206
-0.213895
-0.390507
-0.9644
0.931569
0.653677
0.225203
0.165876
-0.0787598
-0.966536
0.169608
1.36018
-0.157858
0.611106
0.984112
0.453331
0.803785
-0.741729
-0.284355
-0.727278
-0.831342
0.32466
-0.54192
-0.896586
-0.944967
-0.77828
-0.0916748
0.0824286
0.304063
-0.0387383
-0.0542516
1.32737
-0.569251
-0.15379
-0.415751
-0.593824
-0.469498
-0.92973
-0.102714
1.36359
0.306968
-0.0636753
1.27
0.607747
0.778378
-0.878785
-0.97728
0.618341
0.587172
-0.132202
0.69462
-0.427807
-0.937773
0.25865
-0.368126
-0.234726
-0.728613
0.66745
0.0600803
0.214072
0.0128065
-0.309257
-0.65168
-0.176642
-0.253877
-0.405237
-0.0371701
-0.915957
1.01904
0.894295
0.0166938
1.18047
-1.04572
-0.607388
0.532828
0.215781
0.948213
0.116762
-1.13162
0.704537
-0.164748
-0.609823
0.325604
0.245522
-0.989325
0.802375
-1.50606
-0.561153
0.415203
0.670129
-0.471797
0.553841
-0.341371
0.543565
1.23031
-0.00398119
-0.562202
0.656399
-0.0610441
-0.744169
-0.364283
0.345699
-0.00148371
-0.59591
-0.109915
-0.760146
-0.508535
0.379274
0.851877
-0.263027
-0.798112
0.391539
0.0903788
0.662968
-0.323229
-1.00022
0.232178
-0.531103
-0.53599
-0.105967
0.464792
-0.621219
0.17917
0.669969
1.52584
-1.64423
-0.00121809
-0.268473
0.115001
0.606562
-0.241558
-1.1075
1.36395
0.0409269
0.333596
-0.12927
0.251171
0.126049
0.210583
0.744046
-0.0746912
0.215648
0.954843
0.197944
1.4758
0.434273
0.945672
-0.857205
-0.629842
0.35169
0.888185
-0.145422
-0.110414
-0.295565
1.61703
0.612921
0.76434
0.539014
0.0972435
-0.334893
1.09177
-0.738788
-0.610233
-1.34598
-0.417121
0.85871
-0.352154
-0.182216
-0.398303
0.173649
-0.533673
-0.465509
-1.10489
0.0561475
-0.0210617
0.0638953
0.374147
0.199586
-0.651163
-0.771627
0.554648
0.115867
0.115353
0.632967
0.270215
-0.156732
-1.66287
0.303659
0.287978
0.367419
-1.1998
-0.406177
-0.771689
0.0450447
0.961053
-0.5671
-0.141056
-0.419208
0.0507424
-0.539839
0.0245571
0.750888
0.61972
-0.91864
0.306997
0.321864
0.263752
1.00606
0.614102
0.878391
0.54511
0.192204
0.0206056
-0.339039
0.696406
-0.960768
0.40039
-2.27926
0.412085
0.722834
0.533714
0.635916
0.148864
-1.19232
-0.364912
-0.583008
-0.19705
0.226853
-0.991384
-0.0733686
-0.829437
0.245159
0.487252
-0.168004
1.13161
-0.26976
0.553313
-0.964233
1.13749
0.647469
0.943644
0.734755
-0.665332
-1.44119
0.910216
1.09016
-0.0183449
-1.41073
0.379223
1.56283
0.0463179
0.720277
0.72335
-0.15614
0.0120046
0.418734
-0.345701
-0.336156
-0.62864
-0.125811
-0.407688
-0.529575
-1.45103
-0.831451
0.0507314
0.224841
-0.429073
-1.64886
1.01325
-0.374734
-0.180969
-0.499055
0.246826
0.678374
0.444636
-0.23536
0.70667
-0.0895195
1.45831
0.608966
-0.275116
0.141529
0.648583
-0.0398534
-0.0201247
1.18318
0.691454
0.628572
0.186563
0.424815
1.28507
0.703461
-0.540719
-1.27005
-0.154812
0.0737962
0.841056
0.306542
0.545066
0.569458
-0.536936
-0.347469
-0.213366
-0.770898
0.696715
0.0328123
-0.11926
0.00234317
1.13879
0.886821
-1.18103
-1.09821
-0.0134308
-0.531301
0.567852
1.5142
-0.0247457
-0.389453
-0.104376
1.26766
0.117216
-0.204153
-0.640584
0.0389014
0.379712
0.0222419
-0.740991
-0.610251
-0.336113
0.204418
0.410326
-0.603134
0.612923
0.285805
0.300365
-0.522993
0.53064
-0.891636
0.422414
-0.629869
0.779919
0.470272
-0.419166
-0.0308702
-0.390977
-0.35665
0.0398862
-0.276743
-0.442357
0.244089
-0.480912
-0.186087
-0.34884
0.595849
1.38702
0.516121
-0.783509
-0.772412
-0.160906
0.125371
-0.902691
-1.51109
0.355665
0.855378
-0.899853
-2.01544
-0.674338
-1.15816
-1.21554
0.432384
-0.464604
-0.303023
0.156799
0.186937
0.213219
0.167399
-0.205181
0.205895
-0.279968
-0.338002
0.158398
1.10196
-0.614702
-0.240846
0.886527
0.326388
-0.450181
0.667864
-0.599977
0.76613
0.25953
0.84139
1.67739
0.774099
0.0547864
0.219533
-0.0652022
0.899507
0.276284
1.51896
-0.265735
-0.404902
1.17194
0.486952
-1.63878
-0.902134
-1.23221
-0.841419
0.16428
-0.510557
0.596227
-0.128063
-0.105773
0.227567
-1.2578
-0.698401
-1.73687
0.730615
-0.174518
0.480004
-0.721169
-0.25146
-0.919202
0.369359
1.38712
-0.0991129
-0.673272
0.224704
0.388117
-0.0468512
-0.887419
-0.196273
0.97407
0.686322
0.386959
-0.952547
0.0820091
-0.389269
0.553088
0.300288
0.306448
0.550418
0.918334
0.60062
-0.0857778
1.66658
-0.156948
1.19402
0.671467
-0.0036185
-1.52941
0.881329
0.344953
-0.312845
0.248483
0.715024
0.955031
-0.398822
-0.529122
-0.400842
-0.0922399
-1.28072
2.19594
2.09238
0.50732
0.752135
0.239862
-1.23525
-1.21908
-0.794284
-0.447567
0.400928
-1.17234
-0.0883285
0.732972
-1.91051
0.562486
0.334089
0.449757
-0.256928
-0.385222
0.158544
-0.857193
-0.0429821
-0.309654
-0.839293
-0.668494
0.547849
-0.922247
-0.324742
0.744555
-1.16896
-0.671138
-0.409595
0.594212
0.635068
0.118679
-1.42547
0.918204
0.901982
0.571719
-1.11194
0.485968
0.138396
-0.0479556
0.798776
0.781364
-0.618639
-0.583885
1.11447
1.61045
-0.0508568
0.0257032
-0.641688
0.61086
-0.52379
-0.585506
-0.351231
0.721631
0.406443
-0.145654
0.656193
-1.10953
-0.529412
-1.24655
-0.96986
0.512712
-0.217955
-1.33246
0.920517
0.564519
1.69395
0.491917
-0.015133
-0.915204
1.09004
-0.249106
0.679337
0.560815
-0.82623
0.269774
-0.33945
0.30189
-1.7516
0.0154746
0.6662
1.06721
0.638862
0.47566
1.01959
0.908467
-0.45727
-0.392602
-0.739688
-0.195131
1.03435
-0.0793077
0.148732
-1.70611
-0.591021
0.466333
-0.204014
-0.485989
-0.300185
-0.434526
0.58893
-0.0911083
-0.646046
-0.74612
0.570221
-0.289078
-0.415021
-0.450163
-0.761715
-0.783709
-0.089273
0.316587
0.116216
-0.579691
-0.102643
-0.528085
-1.7681
-0.886857
-2.14907
-0.390343
0.230729
0.814065
0.639809
-0.309564
0.216952
-0.287986
-0.397566
-0.931971
0.454567
1.04025
-0.0295154
0.319327
1.12643
-0.92139
-0.570231
0.646368
-0.275821
-0.417778
1.40076
-0.348996
0.0104859
0.295581
-0.08362
-1.34221
-0.49895
-0.361669
-0.194203
-0.145974
-0.769136
0.0094197
0.089343
-1.34905
-0.0113425
0.598735
0.560958
-0.747147
-1.95738
-0.377132
-0.743769
0.779524
-0.0148644
0.479528
0.0232453
-0.659584
1.10084
-0.791372
-1.08968
1.31489
0.0621707
-0.169204
-0.877521
1.06795
0.561544
0.232473
0.853478
-1.06729
0.111249
-0.344744
-0.446835
-0.0860478
0.888626
0.977457
1.06957
-1.02763
-1.15203
0.638742
-0.348947
-1.12557
-0.784437
0.0925491
-0.135773
0.524889
-1.1444
-0.163527
-0.792568
0.13519
0.486878
0.93525
0.414899
0.825387
-0.374522
0.234353
0.0293723
-0.282175
0.460274
-0.277532
-1.49531
-0.0707945
-0.237027
-0.792606
1.22146
0.826259
1.54818
1.83235
1.82609
0.0729892
-0.59597
0.0461462
-0.689208
1.22237
-0.394829
0.386009
0.204197
-1.02949
-1.2156
0.660636
-0.288278
0.859945
1.01738
0.0639006
-0.104683
-0.0304331
-0.062546
-0.413117
-0.564991
-0.302531
-0.396892
-0.839532
-0.81899
0.0319058
1.27392
-0.162259
-0.549463
-0.396841
0.116846
-0.0279137
0.468072
0.143938
0.00697847
-0.00289258
0.391079
-1.11639
-0.3289
0.768437
-1.82065
-0.0605649
-0.778094
0.47393
-0.165303
-0.449052
0.748779
-0.736293
0.0175233
-0.644251
-0.0115715
0.437348
0.389686
-1.25577
0.411764
0.325404
-0.889128
0.607598
0.646383
0.165288
1.14287
0.705885
0.761006
0.502918
0.630484
0.584599
0.0819941
-0.68468
-1.70039
0.133584
-0.0486028
-0.531566
0.57494
0.767724
0.354295
-0.57725
0.113515
0.00428059
-0.586564
-2.10949
-1.41885
0.524385
0.379464
0.818847
1.00093
0.177535
-0.367226
0.758884
-0.174168
0.0539616
1.27648
0.613496
0.0642255
1.09273
0.213378
0.0930543
0.13249
-0.768576
-1.29889
0.301322
0.744257
1.17732
0.0385797
-0.439836
-0.443208
0.312086
-1.30257
0.081499
-0.0522748
1.10424
0.077521
0.0400254
0.124497
0.303763
0.199557
-0.37163
-0.930063
0.428572
0.907256
1.08151
-0.465383
0.933653
0.848123
0.0771607
-0.198802
0.780915
1.09656
0.999443
0.264514
-1.14618
-1.25691
-0.160418
1.55541
0.283423
-0.877365
-0.97012
-1.6056
-0.971943
-0.222513
-0.745061
1.01225
-0.985666
-0.731957
0.546247
-0.163221
-0.362329
0.0375675
-0.403108
0.135977
0.692481
0.00346063
0.107375
-0.771025
0.866513
0.839497
-1.15391
-0.766699
0.522015
0.407158
1.62804
0.712547
0.198984
0.276872
0.792353
-0.60604
-0.0261664
-0.500306
-0.436315
0.637097
1.27298
0.0940159
0.910808
-0.333811
-1.17985
0.82548
-0.483126
-0.670344
-0.00279165
0.170663
-0.870036
-2.35346
-0.704308
0.614442
0.0956786
0.411602
-0.084055
1.21699
-0.4296
-1.38117
0.985777
0.786713
-0.15772
-0.0538672
-0.274035
0.903923
0.22116
-0.477045
1.49108
0.979493
1.72244
-0.251675
0.024043
-0.18071
-1.04309
-0.196202
0.917356
-1.93573
-0.0607094
-0.00191491
0.69879
0.871741
0.33268
-0.308472
-0.0676062
-0.762515
0.18533
-0.285682
0.872299
-0.896469
0.747454
0.336579
-0.218582
-0.758144
0.0115681
-0.829089
-0.126812
-0.290319
-2.01798
-1.4598
-0.971632
-0.96375
0.741504
-0.723368
-0.298441
0.231802
1.45751
0.88103
-0.440476
-0.0610105
-1.77571
0.811879
-0.131887
0.622483
-0.624375
-0.00847968
-0.537008
-0.302327
-0.103599
0.102401
-0.0541015
0.083348
0.375075
-0.36174
0.168166
-0.226522
0.276998
-0.618277
0.817587
1.06395
0.483608
-0.587974
-0.784575
-0.743132
-0.889945
-0.486771
-0.0299942
-0.73446
0.457768
-0.65099
0.896164
-0.183534
