-0.898614
-1.54326
-2.04854
-2.60912
-2.0575
-1.06814
-0.114546
-0.395876
-0.396137
-0.460727
0.238381
0.0973255
-0.675015
-0.335723
-0.0763687
-0.654121
-1.33984
-1.42034
-1.55984
-0.426009
0.154333
-0.115615
0.527465
0.22157
0.111724
0.0518944
0.0737812
0.645214
1.09994
0.577284
0.816826
-0.144046
0.385123
0.443121
-0.239262
-0.465128
0.294351
0.921722
0.519698
0.173983
1.00676
-0.011925
-0.0539471
-0.409704
-0.712962
-0.803494
-0.49072
-0.238813
0.371449
0.495337
-1.78918
-1.29787
-1.31216
-1.27772
-0.647494
0.0910009
-1.25419
-1.44727
-0.553217
-1.63277
-0.589921
0.20908
0.375556
-0.106297
-0.668237
-0.874944
-1.01523
-0.593155
-0.06404
-0.878529
0.373602
0.148261
0.242874
0.516262
0.576119
0.819316
0.902396
0.874247
0.759364
1.31807
-0.0571274
-0.225954
-0.886503
-0.589265
-1.0335
-1.57423
-1.60742
-0.68288
-0.6979
-0.916856
-0.17763
-0.220483
-0.349525
-0.830211
-0.791891
-0.758176
-1.12632
-0.895407
-1.18819
-0.739491
-0.0256558
-0.758076
0.629246
0.869343
0.428076
0.459722
-0.276906
-0.379068
-1.218
-0.632965
-0.253761
0.404793
0.328219
0.232348
0.258969
0.296125
-0.191061
0.0326201
-0.0236338
-0.568905
-0.0637596
-0.852631
-0.978889
-0.813721
0.141471
-0.680819
-0.615543
-0.588896
-0.577875
-0.224423
-0.189452
-0.678061
-0.967554
-0.362223
0.253478
0.00204895
-1.24433
-0.863553
-0.406865
-0.213653
-0.187167
-0.173142
0.3663
-0.280857
-0.782458
-1.15136
-0.23473
-0.00255268
0.39087
0.602771
-0.915411
-1.59836
-0.785008
-0.677183
-0.627639
-0.622499
0.0120347
-0.302547
-0.434172
-0.0785498
-0.285735
0.0712754
0.279454
0.534367
0.125609
0.385351
-0.691822
-0.807928
-0.740801
-0.667472
0.409685
0.482695
0.688198
0.137758
-0.230777
-0.0874167
-0.31596
0.408123
0.761063
0.148234
0.931347
1.09019
0.769156
0.88291
0.487656
0.483417
0.624127
0.774799
0.778839
0.588819
0.54171
0.603086
0.287486
0.130063
0.0902793
-0.210979
-0.0730948
-0.191447
-1.25981
0.617779
-0.892072
-0.0629766
-0.0659073
0.449629
0.227993
0.492647
0.0954524
0.178253
-0.0100774
-0.728127
0.852057
0.33061
0.526889
0.590994
0.11369
-0.625263
0.381259
1.29423
1.17449
1.19679
0.948909
-0.160537
0.265053
0.0358601
0.158828
0.693844
1.26664
1.01544
1.21379
0.799184
-1.03161
-1.01275
-1.76136
-1.75483
-1.41704
-2.04692
-1.74657
-1.27761
-0.675219
-1.25515
0.376081
0.113818
-0.0258042
0.408017
-0.415175
-0.928882
-1.32729
0.0951197
-0.544165
-0.416287
-1.00013
-0.3964
-0.455058
-1.04205
-0.667211
-0.377639
-0.155473
-0.236554
-0.735422
-0.605363
0.494364
0.0844433
0.0117782
0.334997
0.332938
0.290193
0.137749
0.516463
0.229647
0.719342
0.33711
0.905434
0.492938
0.78953
0.547236
0.230899
-0.0423802
-0.0748818
-0.378281
-0.835161
0.07666
0.530627
0.668927
0.0212323
-0.423736
-0.157122
0.162182
-0.404523
-0.332198
-0.283802
-0.264394
-0.742086
-0.51245
-0.441094
-0.268098
-0.555686
0.0337947
0.0143272
0.148219
-0.090713
-0.336343
0.0295422
-0.10217
-0.158574
-0.703311
-0.669775
-0.0339087
-0.237209
-0.0258362
0.00274328
0.219989
-0.101852
0.427632
0.217887
0.887355
1.00319
0.433294
0.564188
1.04373
0.100608
-0.983792
-0.451839
-0.443467
-0.256997
-0.0167153
-0.142412
0.214068
0.00577016
-0.627444
-1.66071
-0.575124
-0.274245
-0.666969
0.293961
-0.0876956
0.139742
0.478459
0.969496
0.88174
0.487742
-0.331301
-0.289902
-0.259274
0.206736
-0.078534
-0.179185
-0.489829
-0.304034
-0.0903638
0.0168091
-0.353727
0.139383
-0.126249
-0.0282903
0.321966
-0.532246
-0.887264
-0.649513
0.0228931
0.593575
1.06574
0.6143
-0.151062
-0.67907
-0.51778
-0.460439
-0.269522
0.0668507
0.808662
0.981344
-1.86326
-1.47894
-1.26544
-1.80262
-1.38909
-0.842058
-0.181511
-0.752985
-0.734759
-1.38995
0.244096
0.80884
0.678246
-0.185977
0.489062
0.87494
-0.351707
0.0046436
-0.126872
0.162815
0.184803
0.850836
0.823673
0.152877
1.11821
0.979587
1.21196
1.7361
1.69889
0.832617
-0.435993
-0.0936298
0.265608
0.358338
0.687659
-0.31627
-0.497795
0.0535278
-0.0129305
0.234424
1.10148
1.16654
1.29516
1.6726
1.634
1.5418
1.04631
0.884571
1.11413
0.928039
0.0944415
-0.316999
-0.759575
-0.27615
-0.0501318
-0.462971
0.112802
-0.0927006
0.770325
0.511019
-0.0641611
0.152482
0.588987
-0.706743
-1.19649
-1.42596
-0.660036
0.964543
-0.226216
-0.48612
-0.989174
-0.0948546
-0.650193
-0.146499
-0.412553
-1.15648
-0.509229
0.366672
0.921829
-0.604841
-0.208736
0.218937
0.891118
-0.00209914
0.145614
-0.0124932
0.308224
0.360209
0.351466
0.0991463
-0.48766
-0.719881
-0.581135
-0.166368
-0.158452
-0.173268
-0.230359
-0.415876
-0.603859
-0.121007
-1.13821
-1.00339
-1.03999
-0.705409
0.738149
0.72665
0.0434348
0.243497
0.174182
-0.207087
1.19679
1.32896
1.63171
0.99022
0.955122
0.600152
1.19981
0.914298
0.407881
0.679976
-0.886768
-0.742461
-1.3216
0.0730677
-0.362248
-0.377598
-0.47874
-0.062532
-0.00225794
-0.462863
0.272057
-0.642335
-1.2002
-0.464862
-0.517488
-0.71464
-0.697135
-0.653172
-1.17632
-0.418377
-0.552698
0.713039
0.590271
0.202473
0.955111
0.847905
0.546335
-0.151113
-0.0563669
-1.04001
0.724782
0.530436
1.48142
0.973152
-0.324383
0.161433
0.385896
-0.6521
-0.0109752
0.108293
0.486884
-0.0326958
-0.213847
-0.346906
0.673069
-0.0128121
0.156228
-0.171851
-0.287362
0.51901
0.0114187
0.348855
-0.0398788
0.199406
0.413448
0.272257
1.54209
1.3322
0.80651
0.292624
0.439147
0.892028
1.12806
0.756527
-0.0153137
-0.449758
-0.501339
0.157255
0.717992
0.171959
-0.670063
-0.703018
-0.372336
0.273278
-0.491669
-0.845373
-0.406972
0.0476063
0.463306
0.00127902
-0.545382
-0.4174
-0.940511
-0.400875
-0.0876871
-0.0999696
-0.610673
-0.456395
-0.495166
-1.00441
1.4388
1.1544
1.39098
1.8879
2.23411
1.79951
1.19249
0.486989
0.570174
0.57917
0.0999753
-0.099491
0.446914
1.20508
1.01953
1.8441
1.36639
0.966361
0.208828
-0.499592
0.285676
-0.0956885
-0.456082
-0.177351
0.0575319
-0.0676918
0.0163401
0.0805204
0.242435
0.145162
0.960408
0.455908
0.0671979
0.613416
0.000663715
0.288748
0.388691
-0.0813454
0.0292201
0.699897
0.0141944
-0.339293
-0.984468
-1.28257
-0.968393
-0.584562
-0.876734
-0.393067
0.515029
0.495751
-0.862885
-0.927912
-0.663471
-0.872352
-0.942114
-0.759336
-0.510385
-0.40603
-0.875854
-0.516496
-0.0355303
-0.0698005
-0.0212383
0.456712
0.244643
0.941539
-0.123895
-0.516847
-0.0542596
-0.355632
0.300804
0.250753
0.0755186
0.455132
0.544662
0.173699
-0.259048
0.161716
1.19371
0.813172
0.0388565
-0.254503
-0.320528
-0.547309
1.11898
0.355228
0.719601
0.550795
0.977496
0.0305611
-0.423355
-0.92236
-0.782619
-0.0326276
-0.597077
-1.76806
-1.23632
-1.49675
-0.91107
-0.997658
-1.44821
-0.367129
-0.662314
0.366963
0.796596
-0.230563
0.0685077
0.170482
-1.18422
-1.85845
0.00352247
-0.0196142
-0.0693638
0.407019
0.714556
0.654646
0.381732
0.157742
0.51203
0.224739
-0.81255
-0.646408
-0.525818
-1.17024
-0.188101
0.067449
0.280806
-0.120004
-1.01746
-1.15715
-0.225717
-0.0354189
-0.285958
-0.661469
-0.521181
-1.01036
-1.66695
-1.72429
-1.41558
-0.658249
0.364435
0.186172
0.352113
-0.371543
-0.713644
-1.18028
-1.08031
-0.723216
-0.464062
0.207342
-0.101665
0.1432
0.742009
0.689756
0.122109
1.04379
1.03695
0.162049
0.17131
0.396193
0.522414
0.320748
0.175644
-0.279855
0.579455
0.679396
0.550339
-0.11287
0.184758
-0.421618
1.31726
1.00728
-0.434251
-0.677447
-0.58004
0.245167
0.561726
1.01612
0.00887531
0.905892
-0.833124
-0.798646
-1.23348
-1.01885
-1.18428
-1.48779
-0.911322
-1.35378
-1.47404
-1.39187
0.1689
0.298241
0.106652
-0.228881
-0.266303
-0.279134
0.186726
0.373156
0.0981974
-0.238182
-0.574779
-0.637766
-0.512398
-0.763827
0.0919045
0.619055
0.475535
0.392273
-0.522727
-0.235147
0.671125
0.84135
-0.648055
-0.549681
-0.324944
-0.253027
-0.394108
-0.307465
0.658094
0.779231
-0.0542848
-0.825588
-0.360562
-0.100545
-0.156712
-0.862019
-0.19299
-0.499841
0.200457
-0.199262
-0.414964
-0.250997
-0.890158
-0.927017
-0.490233
-0.883515
-0.439002
-0.515737
-0.178132
-0.373388
1.2441
0.852268
0.904641
0.315015
0.379102
0.651544
0.568061
0.859669
0.771996
1.35067
-0.138394
0.143955
0.754979
0.366288
-0.638138
-0.745993
-0.608401
0.240005
-0.406477
0.116543
0.704268
0.596199
1.03668
0.552545
0.439397
0.0283019
0.938085
0.517493
-0.308642
-0.0401763
1.01219
1.33367
1.72516
1.32073
1.25909
1.42997
0.776597
0.761482
-0.221906
0.571477
0.388581
0.794132
0.57769
0.436688
0.451105
0.215462
1.25872
0.88686
0.876791
0.949831
0.581773
-0.307376
-0.876292
-0.0752081
-0.165519
0.364208
0.627643
0.939516
1.01746
0.57146
-0.706986
0.293868
-0.21086
-0.109466
0.262605
0.226787
-0.162808
-0.199881
-1.2842
-1.32678
0.587119
0.554368
0.260693
0.983531
1.07642
0.590077
0.380492
0.494683
-0.789029
0.0260966
0.299024
1.10851
0.928601
1.19102
0.478102
0.308242
-0.679779
-0.485548
0.27612
0.281074
-0.0873789
0.4094
0.13497
1.51041
1.43398
1.22253
0.599592
0.671848
0.268554
0.374129
0.258955
0.0895505
0.360928
0.465243
-0.0844442
0.265841
0.0144411
0.450073
0.40362
0.643607
-1.94735
-2.24547
-1.29976
-1.30779
-1.34256
-0.585276
-0.933443
-0.795275
-1.25983
-1.41987
0.198631
-0.0159345
-1.21469
-0.175018
-0.11337
-1.51884
-0.749021
-0.537866
-0.325928
-0.0394652
0.536925
0.880395
0.872858
1.00086
0.812674
0.857137
1.03587
-0.118665
0.267214
0.533904
-0.0391852
-0.169665
0.336061
0.714607
0.658452
1.47352
1.38928
1.09387
0.594367
0.381415
-0.237907
-0.360146
-1.44986
-0.786649
-0.449779
-0.203481
-0.667039
-0.296641
0.191837
0.435604
-0.821169
-0.292903
-0.677775
-0.935156
-0.728637
-0.996644
-0.108997
0.414142
0.160364
0.014933
0.537129
0.586648
1.13609
1.00756
1.00153
-0.0196642
0.343625
-0.0768833
0.61085
0.795472
