0.655711
1.07762
0.874934
0.685594
0.469685
0.422835
1.00855
0.483633
0.428583
0.36594
-0.89753
-0.719595
-0.313963
-0.548038
-0.515769
-1.18884
-1.18452
-0.864582
0.0573857
-0.251909
1.46304
2.33327
1.15789
0.729906
-0.0864147
0.808596
1.3736
0.925695
1.9828
2.49252
-0.387895
-0.375381
-0.920104
-0.835432
-0.281215
0.202329
0.394638
-0.163349
-0.299494
-0.90658
0.0684177
0.21355
-0.608332
-1.15529
-0.516187
-0.976804
0.0441058
0.160537
0.557513
0.548998
0.463823
0.366731
0.434985
-0.152349
-0.100009
0.298062
0.313631
-0.297925
-0.0197631
0.426716
-0.267079
0.463018
0.768516
1.44027
0.94457
0.576124
-0.226674
0.00435205
-0.0644666
-0.00374408
-1.32722
-1.16621
-0.811424
-1.51248
-1.60423
-1.53877
-1.17218
-0.82608
-0.70156
-0.847595
-0.0838565
0.266412
0.344542
1.0909
1.45942
1.49814
1.25239
0.276977
0.172563
-0.219063
0.824138
1.78848
1.14924
1.16054
1.42871
1.76114
1.15516
0.947483
0.236379
0.00611837
0.190282
0.492184
0.419986
1.27481
0.684455
1.47007
1.2939
0.813765
0.856658
0.0357209
-0.973298
-0.934195
-1.13571
-0.783991
-0.471034
-0.274283
-0.225363
-0.392108
0.211124
0.0456398
0.0212837
0.0819209
0.150238
-0.0723082
-0.294543
0.604958
0.328796
-0.125191
-0.327896
0.0983414
0.0561183
0.579441
-0.00582227
0.444159
0.456802
-0.159841
0.0269858
-0.574174
-0.40931
-0.115096
-0.0192094
0.0215143
0.787525
0.582056
-0.04148
-0.324956
-0.628735
-0.892035
-0.445706
-0.274613
-0.845041
-0.655338
-1.12114
-1.46245
-0.892801
-1.24369
-0.68815
-0.298587
0.00494649
-0.0721373
1.09293
2.05847
0.939978
0.579051
1.12105
0.802342
0.675308
0.990759
0.978925
0.977843
0.395262
0.0906502
1.06029
0.944735
2.01314
0.515563
1.05632
0.90268
0.885863
0.0955271
-0.364921
0.382156
1.1066
0.803801
1.30942
0.771491
0.974753
0.687496
0.68221
-0.308477
-0.740189
-1.51967
-0.882958
-0.576267
-0.774971
-0.22779
-0.172812
-0.673802
-1.22253
-1.11573
-0.23739
0.165045
-0.299193
0.522854
0.543849
-0.140624
0.407734
-1.12799
-0.899899
-0.0494377
2.22053
2.2743
1.41801
1.50763
1.86528
1.74137
1.68155
1.49381
1.00662
1.93504
0.514153
1.18543
0.824975
1.14852
1.09602
0.638467
0.737121
0.791841
0.700875
0.0509532
0.779994
1.28341
1.37958
1.38503
0.531274
0.503571
0.709543
0.972954
1.0436
1.19798
0.392698
0.245457
0.128421
-0.442234
-0.514412
-0.913425
-0.545103
-0.204551
-0.178279
0.0929635
0.282118
0.427517
0.13957
0.253836
0.363958
0.418472
0.4314
0.707476
0.721568
0.206902
0.379596
1.51753
0.978035
0.208385
0.541688
0.466308
0.0941442
0.39258
0.356867
0.92823
-0.856481
-0.87905
-0.863091
-0.765801
-1.30782
-1.66724
-1.81413
-1.56931
-1.35668
-0.987145
-0.867012
-0.446911
0.142648
0.454905
0.15259
-0.037437
-0.0829962
-0.25583
0.159566
-0.369529
0.0692763
0.601492
0.519123
0.559973
1.57946
1.05458
1.52905
1.22318
0.457227
-0.204214
0.647696
0.455882
-0.214726
-0.339507
-1.0816
-0.131031
-0.45153
-0.426936
-0.23888
0.393783
0.25735
0.000990788
0.437987
0.249412
0.773524
0.484251
0.0742692
0.274058
0.464742
0.474088
0.0831524
-0.623901
0.315142
-0.0174567
0.205399
-0.212961
0.0240035
-0.0734087
0.832263
0.377471
0.247936
-0.431755
0.487611
0.242746
-0.423865
-0.503351
-0.779551
0.262293
0.21022
0.754918
-0.173343
-0.456952
0.0498987
0.502163
-0.186599
0.747811
0.578374
0.809885
0.362276
0.375777
-0.648748
-1.17041
-0.457441
-0.320061
-0.564889
0.0652166
0.60211
0.540236
0.145104
-0.237731
0.82284
0.544978
0.360767
0.631442
0.037245
-0.180106
0.602477
0.473772
0.10667
0.286933
-0.253191
-0.175729
-0.180843
0.116619
0.622157
0.411817
0.761873
0.768908
0.495768
-0.565621
-0.371302
0.10549
-0.30315
-0.20011
-0.470698
-0.900771
-0.405765
-1.17632
-0.529964
0.0476704
-1.02682
-0.29551
-1.51527
-0.597312
0.418219
1.08677
1.35374
0.627947
-0.267416
-0.615685
-0.147562
-0.424317
-0.192499
-0.354584
0.152476
-0.716224
0.117099
0.635453
0.0619365
-0.0346402
0.199041
0.581311
-0.262962
0.544254
0.0427787
0.366838
0.274626
1.21441
0.801598
0.774627
-0.726829
-0.304819
-0.427843
-0.553995
-0.646899
-0.158457
-0.374419
-0.0500286
0.27422
-0.475147
-0.462104
0.422998
0.699369
1.71114
0.118401
-0.811794
-1.17779
-0.857374
-1.63859
-0.859542
-0.205437
-0.431792
0.61355
0.810868
0.786323
1.41511
1.74414
0.999943
1.16235
0.0443972
-1.32661
-1.38956
0.15575
0.501347
0.0817152
-0.273299
-0.346325
-0.865546
-1.68842
-1.92571
0.0167479
-0.200883
-0.304066
-0.0095957
-0.987784
0.329187
0.0846766
0.0551571
-0.176805
-0.565739
-0.448463
-0.309687
-1.07442
-1.00505
-1.90875
-1.43472
-0.553986
0.0647833
0.139658
-0.307871
-0.375553
-0.134155
-0.493111
-1.19236
-0.853696
-0.878011
-1.13135
-1.0088
-0.187536
-0.303375
0.751262
0.298893
-0.4396
-0.417433
-0.617215
0.962555
1.70041
1.30699
1.33962
1.28983
1.32624
1.14691
0.995173
0.929407
0.798643
1.93096
2.17534
1.84382
1.76108
1.64197
1.17974
0.568665
0.060671
0.535017
0.477976
0.889427
0.872809
0.808062
0.759056
0.953691
0.294375
0.189575
-0.152668
-0.248655
-0.157038
0.039653
0.181227
-0.346865
-0.210649
0.545821
1.27355
0.965524
0.556958
1.027
0.562282
0.00285173
0.0547466
-0.233597
0.788629
0.96462
-0.0377071
-0.206289
0.481253
0.308327
0.0359355
-0.510053
-0.284714
0.0500147
0.341114
0.250466
0.144954
0.146876
0.216761
0.495022
0.489436
0.719589
0.271147
0.0069227
-0.473407
-0.189322
1.70532
1.69666
0.67093
0.997576
0.970422
0.702096
1.34619
1.20797
1.63415
1.86074
0.306832
0.0774321
-0.165658
-0.330105
-0.625224
-0.00125737
-0.635226
-0.354211
0.507913
0.598582
-0.453445
-0.442389
-0.406684
-1.04637
-0.219536
0.375981
0.395334
-0.595208
-0.765729
-0.806627
0.176871
0.903221
0.828152
1.18442
0.882684
1.10365
0.475051
1.02526
1.01151
0.532987
-0.918006
-1.51383
-0.556828
-0.396764
-0.626644
-1.41843
-1.02669
-0.869784
-1.77655
-1.53906
-0.467291
-0.17097
-0.169284
-0.0658455
0.0304684
-0.715701
-0.552222
-0.496472
-0.809989
-0.302254
1.47941
0.546915
0.23862
1.73502
1.27669
0.791378
1.28765
1.81021
1.44267
1.32226
-0.587564
-0.755048
0.443585
-0.171372
0.642015
0.513632
-0.513528
-1.23297
-1.16028
-0.885119
0.486926
0.877586
1.0531
0.0328733
0.185449
-0.0612447
-0.0194143
0.39059
-0.0752483
0.362873
-0.00769595
0.169909
-0.169198
-0.45207
-0.118529
0.122923
0.122486
0.227666
0.502583
0.16406
0.0442724
-0.0335175
0.0366446
-0.153166
-0.2725
-0.0521492
-0.517184
-0.750997
0.0132471
0.253082
-0.0199789
-1.60235
-1.72518
-1.93769
-1.52747
-1.84603
-1.35751
-1.59145
-1.26689
-0.192102
0.479797
0.6481
0.433104
0.412099
0.247565
1.13373
0.688799
-0.0700682
-0.0534783
-0.415244
0.169411
0.790668
0.597888
0.150661
-0.112458
-0.648532
-0.244005
-0.259482
-0.355699
0.553492
-0.991403
-0.783117
-1.22878
-1.02418
-0.870191
-0.628024
-0.787152
-0.835988
-1.17754
-1.27254
1.26595
1.28108
1.09189
0.548071
0.310687
0.289996
-0.00337682
0.760521
1.17261
1.41912
-0.797659
-0.814185
-1.06921
-1.51397
-1.84307
-2.07029
-1.77693
-1.71107
-1.4866
-1.29238
-0.125113
0.37383
0.479866
0.354478
-0.336453
-0.573678
-0.765405
-0.39748
-0.409326
-0.747846
-0.0763747
0.229305
0.199625
0.724299
0.40277
0.306668
0.0135683
-0.221382
0.0122072
-0.236445
-0.0315885
-0.531706
-0.372567
-0.793004
-0.556524
-0.505342
-0.462632
-0.382392
-0.805342
-0.195536
0.372139
0.693266
0.521257
0.0370111
-0.526041
-0.651282
-0.0313098
-0.195339
0.0745547
0.491597
-0.470167
0.0882869
-0.47772
-0.430612
-0.354436
-0.556591
-0.547525
-0.0614648
-0.50317
-0.0219495
-1.28581
-1.40418
-0.92362
-1.48202
-1.65914
-1.44082
-1.30621
-1.15454
-0.768526
-1.23278
-0.127639
0.452115
0.705834
0.190036
0.254355
0.429272
0.0982883
0.255579
0.63058
0.395215
1.00053
1.7373
0.56785
0.786269
0.0209692
-0.27678
-0.304464
0.111658
-0.170796
0.379258
-0.397998
0.194149
0.308149
0.0788891
-0.0182537
-0.391455
-0.323189
-0.929887
-0.871267
-0.540821
0.854576
-0.330636
-0.290806
-0.274986
-0.330078
0.0409288
0.0658676
0.477563
0.253583
-0.129028
-0.59594
-0.50391
-1.06375
-0.978573
-0.637871
-0.379519
-0.456946
-1.16521
-1.09212
-0.539178
0.189239
0.822313
0.67427
0.123175
-0.0286513
-0.721906
0.523935
0.0692882
0.140684
-0.283791
0.252253
0.458673
1.06499
1.06876
1.09878
0.829476
0.738892
0.514982
0.717147
-0.323191
1.38019
1.41772
1.34555
1.52404
1.13068
0.927323
0.272898
0.335969
0.897375
0.992323
-0.501707
-0.402549
0.30641
1.4005
1.10108
0.816527
0.398685
0.61858
1.04193
0.205473
0.0601424
-0.837484
-0.254854
0.0728949
0.317115
-0.0911497
-0.301364
-0.209514
-0.349488
0.0813499
-1.10401
-1.17867
-0.985098
-0.818325
-1.23858
-0.857489
-0.966274
-0.480895
-0.429792
-0.823527
-0.354312
-0.452965
-0.748087
-0.735043
-0.164011
-0.174591
0.0903187
0.264546
0.135068
-0.42606
0.746381
0.327711
0.362247
1.12281
1.04535
0.615426
0.0827149
0.759504
0.510236
-0.113326
-1.01069
-0.674779
0.0905009
-0.217058
-0.779629
-0.421219
-0.558017
-1.44466
-1.11125
-1.1777
-1.60238
-1.95946
-2.03711
-1.97679
-1.63028
-1.5748
-1.20112
-1.43139
-0.513952
-1.35528
-0.0852278
-0.365501
-0.221878
-1.14786
-0.529593
-0.738129
0.0445584
-0.20784
-0.0769795
0.0460014
-0.0149691
-0.450276
0.0615052
0.995412
0.930842
0.550563
0.648999
0.433549
0.287755
0.209606
1.10684
-0.179264
-1.34418
-0.103942
-0.111166
0.436791
-0.113143
0.191802
0.593964
0.783366
-0.363298
-1.64427
-1.26123
-0.947863
-1.35714
-0.466947
-0.609244
-0.63389
-0.865581
-0.284507
-0.188945
0.0722914
0.466639
0.120832
0.530763
0.713111
-0.529981
-0.0595507
0.228456
-0.000325901
0.0328081
0.175264
1.57882
1.40291
1.53895
0.724501
-0.0142197
0.144213
0.801078
0.31309
