0.600024
0.238818
0.914982
0.563531
1.43478
0.21328
-0.00216018
0.948675
1.19405
0.661064
0.523688
0.933295
0.620781
0.647613
1.78692
1.40756
1.5292
1.31545
1.50805
1.08858
-1.52476
-0.0598663
-0.802039
-0.888365
-0.582969
-0.399577
0.0771437
-1.30752
-0.666173
-1.40178
-0.94835
-1.22595
-0.70178
-1.6565
-0.667602
-1.50728
-1.36228
-0.669709
-0.962555
-1.41552
0.667899
0.745988
1.18745
0.852682
0.540282
1.14221
0.823892
0.105772
0.0969997
0.702553
0.812258
0.664354
1.43468
0.792152
0.633568
0.82766
0.369671
-0.584393
-0.156124
0.328171
-0.224757
-0.389647
-1.66252
-1.3974
-1.58335
0.171172
0.469353
0.172961
-0.0831998
-0.439856
-0.222134
-0.466201
-0.746342
-0.57065
-0.600756
-0.830556
-0.544069
-0.566596
-0.354617
-0.781002
1.92103
2.06286
1.75506
0.29988
0.351366
-0.266824
-0.0673782
0.999421
1.62837
1.61139
-0.0566546
0.161122
0.358234
0.176147
0.903795
0.385994
0.693919
0.969981
0.488872
-0.657043
-1.81133
-1.05746
-1.14253
-1.57365
-1.01825
0.235327
0.704819
-0.65427
-1.3535
-1.97339
-0.221399
-0.967853
0.0992087
0.765693
0.97823
1.04227
1.27759
1.31957
0.251972
-0.16793
0.239096
-0.462316
-1.01592
-0.674556
-1.20562
-0.91512
0.0615826
-0.181699
-1.28626
-0.801967
0.550038
-0.0413304
-1.20739
-0.58457
-1.49501
-0.526208
-0.0456578
0.459247
-0.80507
0.168856
0.683152
1.17713
2.41703
1.83937
0.869273
-0.147668
0.524397
0.0722891
0.287979
1.15973
1.03587
0.239826
-0.373762
-0.521168
0.71873
0.569864
0.769251
2.10399
0.34111
0.564338
0.154281
-0.562835
-0.164802
0.868236
1.00527
0.502261
-0.410995
-0.144448
-0.529135
0.610724
0.702896
0.631929
-0.0258594
-0.257902
-0.337378
-0.184143
0.36112
-0.225985
0.465785
0.546505
-0.682852
-0.278831
-0.508632
-1.50421
-0.366837
-0.807644
-0.958171
-0.666875
-1.32052
-0.226988
-1.06417
-0.202916
-0.371729
0.620203
0.889209
1.0146
1.59587
0.339641
-0.547243
0.31689
1.22615
0.797827
0.249839
-0.00158767
-0.733346
0.464415
0.710641
0.966362
1.57771
1.0767
0.286785
0.676808
1.1524
1.44082
0.545776
0.580119
0.707897
0.653406
0.221508
0.259719
0.80898
0.953753
0.502284
0.616057
0.417588
-0.0500251
0.0818711
-0.1383
0.279437
0.978929
-0.0429093
0.351549
-0.125117
-0.401237
0.259671
0.649747
0.795242
0.427298
0.863647
0.572803
-0.329842
-0.524508
-0.236745
0.185361
0.071194
0.387615
0.809459
-0.252265
-0.300555
-0.326561
0.56313
0.0272722
-0.445885
-0.281855
-0.3141
-0.709394
-0.122886
1.03141
-0.532407
0.597421
0.996798
1.65139
1.54625
1.02829
0.491914
-0.0550429
0.383474
-0.122903
-0.241615
0.393093
-0.927547
-1.35722
0.102125
0.431165
-0.131074
-0.728601
-0.293854
0.0745908
-0.764594
-0.542919
-0.259029
0.0597289
0.481741
0.609062
1.22692
1.02144
1.09938
1.41255
0.587515
0.949897
-0.245599
-0.680527
-1.30298
-0.685492
-0.36002
-0.201381
0.15635
-0.180441
0.307725
0.533194
-0.777687
-1.39519
-1.47845
-0.843908
-0.0459781
-0.649797
-0.840799
-1.03442
-1.18685
-1.69656
1.08377
0.575662
-0.195476
0.90931
-0.0457859
0.632508
0.432059
-0.0961311
-0.0551807
0.753271
-0.394734
0.108052
0.402899
0.36442
0.57888
1.16921
1.29381
-0.392854
-1.55749
-0.624975
-1.78807
-1.01522
-0.384107
-1.45156
-1.42681
-0.0567695
-0.470439
-1.2745
-0.713933
-0.72518
-1.54367
-0.558282
0.718786
-0.514851
-0.188261
-0.64302
0.036886
-0.559372
-1.21972
-1.30397
-0.476577
-1.0138
-0.682801
-0.20501
-1.0979
-1.15767
-1.02625
-1.08592
-0.380302
-0.655977
0.67311
0.199539
-0.616788
-0.541197
-0.668809
-0.139017
-0.0607038
-0.794485
0.17969
0.00676568
-1.18071
-0.487228
0.231875
-0.159399
-1.45863
-0.2101
-1.3631
-0.73793
-1.14892
-0.559736
0.896411
0.251725
0.7317
-0.135498
-0.0805443
0.472669
-0.57029
-0.859868
-0.162027
0.898474
-0.0831487
-0.466332
-1.23382
-0.316056
0.144692
-0.436334
-1.08138
-0.426406
-0.906262
-0.248267
-1.5609
-0.417715
-0.0938685
0.400722
-0.0975492
0.374296
0.0536335
-0.466545
0.252126
-0.213542
-0.925756
-0.817657
-1.1372
-0.653429
-0.21841
-0.951295
-0.651295
-1.22415
-1.02726
-0.929258
-0.927336
-0.356611
0.330454
-0.490475
-0.729047
-0.972482
-0.0853049
-0.681236
-0.648738
-0.547325
-0.76817
-0.37395
-0.55703
0.387493
-0.818782
-0.895846
-1.09688
-0.951136
-0.56076
-1.06704
0.31705
-0.671841
0.574709
-0.00126292
-0.693174
-0.459924
-1.02426
-0.194154
0.205789
-0.206649
0.281124
0.320484
0.442211
-0.690882
-1.01258
-0.874418
-1.20504
-1.90173
-1.44936
-1.35708
0.616078
-0.333287
-0.28464
0.371705
-0.0041419
0.0764373
1.3574
1.44417
0.756052
1.17153
1.28421
1.46177
0.735372
-0.226742
-0.878405
-0.910793
-0.84896
0.0469069
1.02098
1.85368
-1.1857
-1.62877
-1.82813
-0.911179
-0.0140484
-0.186362
0.379651
0.409847
0.37986
-0.668766
0.471164
0.585569
0.35401
0.485532
-0.344331
-0.0166191
-0.251748
0.697532
0.571552
1.09184
-0.355442
-1.29271
-1.04122
-0.100091
-1.66811
-1.41414
-1.10616
-1.35557
-0.626321
-0.325663
0.137116
0.261697
-0.184173
-0.981204
-0.591123
-0.184414
-0.0287741
0.385247
-0.537639
-0.162917
-0.241597
-0.0688098
-0.31595
-0.192378
0.50184
0.374977
-0.426153
0.869564
0.683054
1.04006
0.478746
0.825738
1.11141
0.341048
-0.556298
0.196041
-0.160705
0.0744211
0.141156
1.21644
-1.03573
-0.887744
-0.928611
-0.6952
-0.739731
-0.383031
0.668336
0.315316
-0.722835
-0.776008
0.0234687
-0.230577
-0.4658
0.0460469
0.389795
-0.542037
-0.3388
-0.128272
0.426599
0.182551
-0.414322
-0.548822
0.884201
0.756297
-0.0777957
0.533702
-0.40894
0.56988
0.5205
-0.126653
-0.196553
0.0294074
0.161935
0.612392
0.711125
0.475519
0.692024
-0.13666
-0.409152
-0.609585
1.21359
1.06183
0.141248
1.07051
0.131382
0.452795
0.373608
1.00084
0.672578
1.42037
-0.911548
-0.467697
-0.78429
-0.40127
-0.881411
-0.69438
-1.06564
-0.441483
-0.913973
-1.2349
-1.60552
-1.19575
-0.84511
-0.540444
0.231695
0.191507
0.227632
-0.317876
-0.0467483
-0.81853
0.102097
-0.303407
-0.601003
-1.26203
-1.19583
-1.67937
-1.52174
-1.00884
-0.898987
0.097376
0.235641
-0.996462
-0.839258
-0.3882
-0.676564
-0.011264
0.0620064
0.0654233
-0.365475
-0.358172
-0.51507
-0.872392
-1.09365
-0.564031
-0.530089
0.248892
0.900828
0.13881
-0.783778
-0.692491
-0.48071
-0.224949
0.663922
0.660782
0.642839
-0.103151
0.271185
0.658811
0.543141
0.43649
-0.0656149
0.101872
-0.26726
0.712206
0.59436
1.57897
0.332033
0.217192
-0.0695707
0.679119
0.945622
0.608567
0.258322
0.681303
0.0979933
0.705172
0.623021
0.911189
0.874713
0.488606
-0.350481
-0.932087
-0.309026
-0.0130007
-0.215857
-0.900186
-0.636659
-1.18774
-1.267
-0.779575
0.480614
0.302198
0.466814
-0.202168
-0.0103854
-0.239338
-0.354334
0.409211
0.785969
0.208461
0.488017
1.43232
1.15952
0.690285
0.974826
0.423846
-0.250228
-0.169983
0.444685
1.2447
-1.08557
-0.825172
-0.919707
-0.0756645
-0.909322
-1.15064
-1.29128
-0.598903
-0.181885
0.534039
-1.10215
-0.304339
-0.678405
-1.32125
-1.13828
-0.131906
-0.171809
0.486475
0.228956
-0.568877
0.582825
1.24202
0.31915
0.10119
-0.933427
0.229721
-0.214701
-0.303938
-0.0632134
1.68421
1.54359
0.639744
-0.0517384
-0.0382168
-0.813221
-0.516546
0.915438
0.0673068
1.2171
1.52175
-1.52092
-0.852815
0.0368837
-0.093013
-0.109576
-0.811487
-0.774932
-1.4203
-1.59358
-1.50251
-0.548885
-0.412207
-0.609373
-0.596546
-0.776545
-0.655413
0.220568
0.0319111
0.390431
-0.242789
-1.80984
-1.61803
-1.28789
-0.845278
-1.45147
-0.50099
-0.861416
-0.619941
-1.14361
-1.38068
0.494336
0.242706
-0.203506
-0.053433
0.0612896
0.744375
-0.485449
-0.0114463
-0.961832
0.441414
-0.0224766
0.196031
-0.0879144
-0.475374
-0.553725
-1.30227
-1.14871
-1.13142
-1.22079
-0.426545
0.440158
0.0378476
-0.088115
-0.488219
-0.96356
0.360086
0.627817
0.898164
0.75298
0.979527
-0.255507
-0.0905824
0.228053
0.0089928
-0.504597
-0.529523
-0.891037
-0.24333
-0.102829
-0.325585
-0.210186
-1.2029
-1.25281
-1.47772
-1.50983
-0.670447
0.288699
0.0343641
-0.0185685
-0.0306274
0.756256
0.577784
0.364209
0.974799
1.05557
0.298091
0.307729
0.553669
0.881696
1.88412
0.281674
-0.16256
-0.326944
-0.241193
0.0142368
-0.341742
0.469314
0.768972
0.608262
-0.126019
-1.80397
-1.48067
-1.57508
-1.4041
-0.227155
-0.909053
-0.685697
-0.507336
0.204698
-0.629384
-1.01585
0.615961
0.778036
0.856347
1.37997
0.373354
-0.081346
0.435471
1.35787
-0.167617
-0.298125
-0.576392
-1.09593
-1.1515
-0.867097
-0.940396
-0.194661
-1.13243
-0.424223
-0.816225
-0.27839
0.0409959
-0.0321999
0.920137
0.764922
1.07578
-0.0943186
-0.0546354
0.14453
0.331442
-0.463546
0.232158
0.133541
-0.21537
-0.588876
-0.417837
-0.107348
-0.851572
-0.965236
-1.01487
-0.316739
-0.0114524
0.481112
-0.201286
0.205839
-0.13687
0.0460354
-0.257925
0.549344
-0.0571553
0.384422
0.160581
0.409952
-0.113021
0.573992
0.916827
0.392197
1.04185
0.477529
-0.0659075
-0.0105439
-0.207656
0.396749
0.122127
-0.205676
0.018778
0.258382
-0.263787
-0.116839
-0.0105824
0.364298
-0.191333
-0.220136
-0.636276
-0.65996
-0.321536
-0.158429
0.116565
0.0336575
0.778713
0.0548245
0.357898
0.148281
0.126268
1.23898
0.925548
0.737209
1.21827
0.84648
-0.0586846
0.565332
0.721987
-0.260353
0.723655
0.23811
0.750818
0.989698
0.554081
2.01308
1.24141
0.986788
-0.0392508
-0.210474
-0.774665
-0.590742
-0.603529
0.110416
-1.03832
0.329983
1.00801
0.139406
-1.05875
-1.72997
-0.54442
-0.203229
-0.0318762
-0.294758
-0.272909
-0.290088
0.476965
0.828507
-0.106486
0.312211
0.486277
0.387105
0.979019
1.30049
1.10356
0.474464
0.844634
0.0305286
-0.0104735
0.2038
0.33983
0.625119
0.248322
0.321435
0.990642
0.847043
0.442926
-0.595356
0.831879
1.48313
1.25843
0.495408
0.279352
0.302723
-0.394515
-0.521592
-0.392669
