-0.035496
1.1411
-0.427044
-0.477838
0.1788
0.280601
0.262862
-0.425548
-0.796409
0.125129
0.917446
0.245546
-0.299943
-1.14743
-1.25443
-0.772353
-0.17742
-0.636558
1.11986
1.26252
1.37813
0.353774
0.922525
-0.368933
-0.755765
-0.00235042
0.463564
0.29559
0.38116
-0.0374223
-0.505027
0.238162
0.597748
0.647392
1.67123
0.412652
0.621083
-0.318046
0.69755
-0.199854
1.07849
-0.0146862
0.148046
0.164797
-0.642171
-0.205122
-0.15069
-0.512979
-0.396662
-0.323745
0.442611
0.631866
0.974624
-1.40354
-0.449989
-0.215839
-0.744747
-0.106373
-1.09763
-0.255002
0.118855
0.379753
-0.319356
1.80701
1.89547
0.244631
0.355512
0.802645
1.44348
-0.272676
0.138384
0.788286
0.216382
-0.262597
0.171912
-0.734937
-0.792809
0.139148
0.0522927
0.0335579
-0.0696743
0.330944
-0.559222
-0.514396
-0.560732
-0.0449362
-0.639513
-1.01718
0.213509
-0.784812
-0.435328
0.827705
1.12064
1.25119
-0.345659
0.063642
0.228031
0.448202
0.143754
0.122748
0.107844
0.26565
-0.994507
-0.450032
-0.391237
0.413517
-0.366788
0.696795
1.21494
-0.213661
0.0869441
0.400397
0.812358
0.467584
0.373603
0.147772
-0.0656649
0.870874
1.52005
0.370432
0.645552
-0.845904
0.113281
0.590689
0.115315
-0.447775
-0.695855
-0.350428
-0.0378241
0.348357
-1.01845
-0.0935269
1.02584
0.157403
0.844293
0.506846
-0.665412
-1.25279
-0.677078
0.653854
-0.848368
-0.0307121
-0.760139
0.354713
0.277887
-0.190855
-0.031791
0.11362
0.0556954
0.291135
0.647803
-0.650725
0.169198
-0.518238
-1.52911
0.122949
-0.698078
0.414349
0.700477
0.956498
0.416896
0.75611
2.15979
0.929985
-0.269247
-0.259986
-0.011037
0.5237
0.230646
0.825243
0.324048
0.366157
-0.118416
-1.14874
-1.22745
0.693754
0.651233
1.15878
-0.0225939
0.779776
-0.191333
0.733898
0.25977
0.0836014
1.2925
0.894655
0.669536
0.300005
1.09087
1.13079
-0.982429
0.753814
1.4335
0.732207
0.528157
0.225602
0.751117
1.21758
0.587699
-0.427434
0.498464
-0.788645
-1.06195
-0.756818
0.13004
-0.431721
0.442885
-0.198028
-1.27484
-1.36406
-0.8573
-1.36286
-1.02561
0.0579633
0.75417
-0.387575
-0.347989
0.237965
-0.367157
-1.17947
-0.52561
-0.0812005
-0.503377
-0.957711
-0.959992
-0.630446
-0.433736
-0.453861
-0.573078
-0.419883
0.394904
-0.360867
-0.463595
-0.561135
-0.447912
0.0308057
0.173151
-0.357389
-0.804244
0.0622695
-0.682472
0.634121
0.240514
0.299115
-0.160167
0.386304
1.85745
0.477008
0.216044
0.0668166
0.132549
-0.561113
-0.0278566
-0.190685
0.230941
0.465829
-0.317241
-0.344029
-0.361933
-0.536194
0.30324
-1.01177
-0.0733333
-0.0971278
-0.300072
1.11042
0.875903
-0.802912
-0.4247
-0.280727
1.0729
0.0499267
-0.990774
0.983435
0.369453
-0.638589
-0.144353
-0.146169
-1.41227
-0.909825
0.292454
-0.128121
-1.08218
0.384171
0.850076
0.308826
0.651429
0.232266
-0.424191
-0.330587
0.768407
-0.353852
0.189063
0.404928
0.0922521
0.416932
-0.343339
-0.715255
0.343296
-0.266762
0.596627
0.379051
-0.235592
0.322674
0.32534
0.305143
0.824873
0.517905
-0.440999
0.145901
0.202668
-0.771908
0.00514661
-0.635248
0.360108
0.637318
-0.125558
-0.220469
-0.394459
0.449323
0.601592
-0.727549
0.136589
0.801141
0.495341
-0.317778
0.733505
1.32036
0.13187
0.192949
-0.0367299
-0.255047
0.257912
1.23777
1.24984
0.660381
0.0341153
0.323787
0.188533
0.0979378
-0.241737
-0.398213
-2.36629
-1.60332
-0.341224
-0.0660107
-0.283069
-1.06033
-0.378843
-0.579896
-0.43836
-0.197311
0.0432281
0.742474
2.00338
1.3641
0.909437
0.304626
1.10124
-0.146934
-1.55049
-0.794397
0.0686784
-0.254344
0.154166
-0.206026
-1.65445
-0.424046
-0.308431
0.021839
0.312167
0.435513
-0.460927
-0.281804
-0.346892
-0.0129905
0.461222
0.42212
1.15181
-0.302066
-1.09876
-0.558308
-0.669
0.132498
0.800598
0.164071
0.302775
-0.104589
-0.386663
-0.543102
-0.693649
-0.274885
0.221366
-0.607223
0.234562
0.272606
0.228016
0.222939
1.38727
0.37898
0.497851
-0.513712
-0.475357
-1.23193
0.137925
1.70642
2.04039
1.52473
1.37838
1.85491
0.50601
-0.114381
0.163633
0.282906
0.167712
-0.051393
-0.141018
0.130625
-0.311286
0.408839
0.616938
-0.882349
-0.483099
-0.614058
-2.07316
-0.144363
-0.141826
-0.72173
-0.352139
-0.141254
-0.27951
0.100026
-0.651679
0.328959
-0.142032
-0.0904914
0.0261597
0.518131
-0.329892
-0.247117
0.0823625
0.671049
0.112313
0.644806
-0.382279
-0.168751
-0.541278
-0.359155
-0.735784
0.281157
1.3454
0.941206
1.25621
1.11837
-0.150806
0.0629755
-0.136595
0.170223
-0.192239
-0.769475
1.08795
1.09796
-0.154031
-0.468011
-0.17585
1.17645
0.969953
0.382404
0.65515
0.74802
-1.78111
0.206201
-0.416268
-0.336891
-0.155577
-0.268983
-0.577284
-0.52947
-0.306054
-1.46223
0.362686
-0.284164
-0.334215
-0.457923
-1.33686
-1.17012
0.328307
-0.15701
-0.587133
-0.119688
0.0115335
0.0614945
0.554196
0.218283
0.143929
0.681704
-0.222908
-0.695817
-1.67457
-1.08639
0.663488
1.12105
-0.0213448
0.72743
0.437605
1.99794
0.368116
-0.738603
-1.27932
0.443019
0.3546
-0.119466
-0.455493
-0.466814
1.25622
0.429711
-0.495294
0.10018
-0.472687
-0.608231
0.110928
0.36662
-1.15435
-0.455601
-0.124114
-0.314178
-0.0435202
-0.370514
-0.00228058
-0.995769
0.0654877
-0.355101
0.0932711
-0.397122
-0.591028
-0.774551
0.478099
-0.340671
-0.525694
0.215982
0.346577
-0.0596496
0.0838198
0.651676
-0.102287
0.301724
-0.0790934
-1.07009
0.0084051
0.496791
-0.205509
-0.78801
0.991737
0.156799
0.136891
-1.5562
-0.937939
-0.0314248
-0.144135
0.66829
0.554611
-0.254528
-0.332917
-0.539075
0.245365
0.950474
1.28321
1.28633
-0.134808
-0.318144
0.894587
1.49492
-0.0822896
-0.310243
0.164677
-0.830716
-0.521002
-0.0845965
1.16212
0.70123
0.201031
0.326305
0.862127
0.296279
0.629008
-0.304489
0.228131
1.10827
1.49971
0.436085
0.329697
0.21617
0.318392
-0.210282
1.27065
0.273168
0.853639
1.52812
0.989667
-0.254796
0.318218
-0.355917
-0.387391
0.495589
-0.408477
-1.37494
0.170246
0.070958
-0.0127862
0.476698
-0.45765
-0.749125
0.323154
1.06444
0.766161
0.275223
0.513267
0.22587
0.568465
-0.0742555
-0.0998762
-1.02812
0.206273
-0.765671
-0.852345
-0.544391
-0.367694
-0.578271
0.37764
-0.260131
-0.138509
-0.239942
-0.100433
-0.0185494
-0.0669953
-0.0536219
-0.663307
0.105452
-1.05527
-0.0596653
0.568979
-0.327903
-0.342212
0.103738
-0.136942
-0.917101
-0.852305
-1.69211
0.273895
0.881163
-0.967754
-0.884701
-1.30495
-0.406117
-0.189565
-0.539757
-0.162052
-0.0741801
-0.683505
-0.189317
-0.516496
-0.637558
0.155132
1.03223
0.661123
-0.633447
-0.240502
-0.466784
0.220872
-0.106886
0.302109
-0.830325
-0.0880928
-1.80948
-0.396073
0.416417
-0.0212151
0.37896
-0.428852
0.527697
-0.319158
-1.04106
0.395152
-0.873186
-1.37562
-0.065412
0.580694
0.385148
-0.545657
-0.652181
-0.303705
-0.620647
-1.01678
-0.3754
-0.252827
-0.321685
-0.241672
0.568595
-0.00770304
0.420136
-0.714887
-1.12947
-0.335054
0.835582
0.199551
0.723867
-0.502303
0.639885
1.29911
0.807764
-1.10353
-0.544947
-1.42864
-0.691131
-0.460315
-0.289043
-0.531743
-1.06465
-0.495145
-0.804022
-0.927953
0.537169
-0.250153
0.92298
0.473748
-0.184233
-0.47093
-0.508885
0.30904
0.250601
0.234291
-0.761426
-1.7438
0.0766968
0.541397
-0.554538
1.42956
1.44931
-0.454691
-0.470981
-0.543968
-0.522856
0.897629
0.582453
0.0750042
-0.108086
0.631875
0.746602
-0.420081
-0.587065
-0.0496567
0.834655
2.01735
1.00533
0.780924
0.121819
0.328078
1.17518
1.68077
0.238264
-0.686045
-0.00702877
0.109124
0.00263797
-0.477046
-0.158602
-0.266645
0.131382
0.079363
-0.156813
0.325006
0.0778525
1.7802
0.217631
-1.60891
-0.362283
-0.35187
-0.256754
-0.670467
0.073019
0.0166108
-1.21898
0.0853227
-0.189426
-0.581738
-0.453527
-0.653836
-0.95321
-0.360861
-0.69958
-1.04524
0.253863
-0.546488
-1.14233
-1.2713
0.112042
0.765426
0.521826
-0.581587
-0.583104
-1.00351
-0.804076
-0.299235
-0.603536
-1.39388
0.0786324
-0.37713
0.876851
0.745442
-0.963692
-0.165801
-0.53478
-0.87606
-0.847811
-1.29405
0.971442
0.501005
0.821117
0.726191
0.186216
0.394996
0.898077
0.211038
0.86739
-0.137811
-0.29895
-0.553965
0.617939
0.454576
-0.0095504
1.28928
0.32979
-0.330838
-0.293605
-0.578858
-0.30113
-0.26501
0.912151
1.10254
1.46574
0.0957574
-0.267842
-0.168631
0.217781
-0.293169
0.14676
-0.696778
-0.781364
-1.32354
-0.821473
-0.130641
-0.300625
-0.973648
-0.615681
0.497696
0.743252
0.059046
-0.273246
1.464
1.02902
-0.509147
-0.853663
-0.984208
-0.0029871
-0.321176
-0.594876
-0.497113
0.583726
-0.179833
-0.839919
0.315401
1.14334
0.357945
1.1219
0.409636
0.255146
-0.461787
0.155742
0.300934
1.1496
-1.51714
-1.06047
-0.356138
1.23676
1.46237
0.808842
0.27071
-0.239892
-0.819511
-1.36553
-1.31375
0.15748
0.858962
0.292705
-0.0252527
0.60385
-0.422254
-0.169463
-0.423588
-0.983642
-0.17766
-0.535835
0.496051
-0.549947
0.219795
-0.46689
-1.31906
-1.26823
-1.19895
0.433166
-0.030822
-0.273927
-0.980074
-0.0168354
-0.573629
-0.519552
0.293057
0.357915
0.0321306
-0.175849
-1.05256
-0.239403
-0.761978
-1.32843
-0.712915
-0.212095
-0.393581
-0.344334
-1.0533
-1.13967
0.352537
0.393224
0.71794
-0.341966
-0.73075
-0.301184
0.533715
0.89525
0.776109
0.123914
0.62873
0.552365
0.947606
0.201024
0.972369
0.306726
0.32161
-0.748286
-0.223484
0.376823
0.759023
0.620184
1.41119
0.359652
-0.130224
-1.51834
-1.09787
-1.46234
0.289012
0.600259
0.50649
-0.408785
-1.54665
-0.302544
1.85154
-0.294346
-0.0690652
0.915123
0.132719
0.363498
-1.28514
-0.430657
-0.803158
-0.807976
-0.943899
0.468375
-1.27242
-1.37011
-0.527792
-0.164357
-0.632051
-1.55775
-0.25603
-0.769508
0.00617814
-0.0537795
-0.876816
-1.13344
-0.386409
0.307457
-0.527408
0.438473
1.25415
0.338337
0.285232
-0.550105
-0.701717
0.0374805
-0.116929
0.812754
