0.774482
0.0175374
1.68592
1.345
1.46205
-0.0083722
0.906274
0.4363
-0.532086
-0.422088
0.895089
-0.072224
0.672814
0.814877
1.43124
0.018983
0.408863
-0.211548
0.128256
0.895747
-0.227456
0.0536515
-0.0319454
0.193412
-0.106673
-0.479345
0.909179
0.726294
-0.0962401
0.0425534
-0.338392
-0.425763
-0.00231555
-0.219002
0.310556
1.05059
0.186073
-0.455299
-0.223403
-1.26757
0.23511
0.127336
0.534874
0.878347
0.0935169
0.0309549
0.76653
0.668317
0.229918
-0.727264
-0.842177
-0.0820352
0.765271
-1.19527
-0.197554
1.0435
0.562146
0.0143228
1.01349
0.354777
-0.630563
0.265647
0.0607329
-0.619517
0.886463
-0.0477919
-0.145707
0.320995
-0.445498
0.230052
-0.678785
0.10904
-0.00229598
-0.428693
-0.575315
1.46125
1.3476
0.209778
0.246988
0.0971966
0.648412
-0.0320906
-0.348162
-1.01583
-1.0163
-0.155069
-1.11944
-0.216408
-0.0366467
0.101477
-0.27632
1.1482
0.444732
1.13627
0.551657
-0.0926315
-0.541392
-0.424511
0.245311
1.16338
0.189678
0.0184331
0.117448
0.649775
0.264778
-0.520548
0.0726548
-1.04666
-1.08647
-0.334206
-0.710795
0.860305
0.34189
0.479628
0.499939
0.146493
0.164008
0.154881
1.23606
-0.0528984
-0.0472685
0.300914
-0.840615
-0.341431
-0.0742047
0.976297
0.845257
0.78747
0.712105
-0.303041
-0.380567
0.485203
1.00503
-1.52704
-1.50237
-1.01152
-0.496357
0.799811
0.723857
-0.258953
-0.4617
0.278314
0.0386683
0.253738
-0.666849
0.839238
0.0864786
0.365775
0.211219
0.176973
0.658102
1.22914
1.08762
-0.814581
-1.09383
0.391709
-0.287399
-0.381068
0.372576
-0.304074
-0.236684
-0.0681391
-0.849227
0.0760616
0.524713
1.6653
0.461862
-0.140146
0.505977
-0.161759
-0.066506
0.263452
0.35528
0.365642
0.0230768
-0.605517
0.0894691
-0.259745
0.0652422
0.450878
-1.56876
-0.45507
0.290972
0.79418
0.0637211
0.436104
-0.234039
0.155448
0.0946427
-0.0962488
-0.0487892
-1.91938
-1.77784
-1.12675
-0.414574
0.973595
0.523338
-0.588031
0.306124
0.628836
1.78772
0.429983
-0.187362
-0.465297
0.106352
1.74776
0.403245
-0.42003
-0.678787
1.35403
0.869026
0.344152
-0.122488
-0.832743
-0.710415
1.13333
-0.345044
0.320748
0.221979
0.310565
0.622368
-0.658591
-0.804183
-0.434888
-0.622899
-1.55824
-0.836516
0.123515
-0.241704
-0.784976
0.439297
-0.307103
-0.0369827
-0.476495
-0.54644
0.27091
-0.0124093
-0.851305
0.0751028
0.935532
-0.020254
1.18388
0.624189
-0.505263
0.422758
-0.137296
-0.0933257
-0.0359064
-1.29007
-0.783576
-0.529644
-0.56692
-1.03585
-0.057039
-0.0232585
0.851402
0.418035
0.0698137
-0.237862
-0.46234
-0.326517
-0.127636
-1.41334
-0.226178
0.3787
-0.59339
0.0541809
1.21702
-0.265054
0.343657
0.392841
0.904353
0.0115137
-0.0611125
-0.0191619
0.618975
-0.105529
-0.939214
-0.261395
-0.030871
0.18299
0.495441
1.14626
0.062538
-0.870064
-0.274734
-0.586826
-0.232103
-0.568269
0.319757
-0.765961
-0.813646
-0.954011
-0.394069
0.110211
-0.182538
0.0725617
0.0466047
1.00309
0.152282
-0.81276
-0.0551845
-1.11486
-0.582309
0.999518
0.563529
0.60745
1.58387
-0.903525
0.358265
-0.18912
-0.181507
-1.84223
-0.165443
-1.1089
-0.882063
-1.2119
-0.663527
-0.718963
-1.06155
0.40386
0.0720894
0.360931
-0.623477
-0.367108
-0.399571
0.180699
0.0601038
-0.927532
-0.0615193
0.5847
0.196631
-0.959926
0.539939
0.675653
-0.572871
-0.275577
-1.45387
0.907976
0.468906
0.402647
1.43245
0.921641
0.452009
-0.970054
0.589241
0.73185
-0.283317
-0.953293
0.32041
0.615784
-0.368857
-0.198115
-0.532214
0.0157414
0.674545
0.480121
-0.677352
-0.605234
-0.0898751
0.429904
0.273828
0.319436
-0.0802113
0.660742
-0.553667
0.560186
0.107374
0.615123
-0.694513
-0.287017
0.139088
-0.67503
-1.38194
-1.52457
-0.285376
-0.827367
-0.605129
-0.0430341
-0.329496
-0.316661
0.989406
1.88997
1.82909
0.301515
0.321618
0.444658
-0.142243
1.44381
0.468877
1.02305
0.474787
-0.695758
-0.465829
-0.154068
-1.08708
-0.618024
-0.151798
-1.05014
-0.0313048
0.669846
0.418568
0.862506
0.122562
-0.672456
-0.672655
-0.453631
0.50732
0.203713
0.673208
-0.189161
-0.507569
-0.25658
-0.245476
-0.333702
-0.258376
0.0341839
0.656652
0.138486
0.0312447
0.907974
-0.147067
0.51743
-0.992203
0.819337
-1.19792
0.0548435
-0.158521
0.0557423
-0.997146
0.363617
-0.590471
-0.259323
-0.286915
0.673411
0.0835657
-0.592267
-0.0910858
0.199895
0.179052
1.2908
0.460224
-0.612512
0.0176543
-0.104595
0.855683
1.82769
1.241
1.13371
-0.26537
1.21113
0.320322
0.710731
0.515124
-0.40266
-0.956291
0.830617
0.805318
-0.548838
0.509258
0.245068
1.14097
0.98001
0.1788
0.408844
0.124259
0.58852
-0.0987489
0.976478
-0.0179637
-0.448761
-1.08727
-0.242035
-0.539655
-0.87229
-1.84451
-0.747565
0.300537
1.10572
0.17206
-0.226303
-0.873394
0.226731
0.478535
-0.348285
0.852158
0.708599
-0.00200859
0.572149
0.346366
-0.345041
0.450507
-1.1857
0.301073
0.424027
0.0592001
0.115511
-0.77756
-1.63313
-1.09139
-0.564495
-0.321879
0.128946
1.25117
0.259485
-0.51653
0.32675
0.717503
0.748374
-0.357079
-0.348244
-0.658487
0.770632
0.595906
-0.236972
-0.221722
0.485118
0.32322
0.610395
0.748708
-0.249564
-0.33977
0.401681
0.0275311
0.57931
-0.513725
-0.173094
1.91091
0.25243
-0.0509605
-0.926005
-1.96034
-0.67844
-0.751968
0.180101
-0.505796
-1.22913
-1.01606
0.928894
-0.432871
-0.512986
-0.510586
-0.75936
-0.688233
-1.25327
-0.325706
0.177069
0.598789
-0.0856176
-0.990591
0.621822
-0.552844
0.946194
0.307471
0.617584
0.395189
1.26681
0.862424
0.274263
-0.453485
1.08572
-0.756864
0.467918
0.786137
-0.503692
-0.0462486
0.601694
0.243424
-0.367424
0.584815
0.14852
-0.572176
-0.182881
0.253424
0.615318
0.28023
0.0226659
1.47538
0.316937
-0.552765
0.906817
0.315849
0.0169454
0.00883612
-1.1366
-0.739078
0.394193
0.941944
0.107255
0.667497
-1.2429
0.0198663
1.29508
-0.0119563
-0.0404166
-0.164042
0.149881
-0.221527
-0.118128
-1.5369
0.24204
1.09906
-0.0890803
-0.197417
-0.408265
-1.40684
-0.252408
0.113357
-0.645736
-0.170193
0.626896
-0.202497
0.63165
-0.116257
-0.274281
0.377483
0.147305
-0.0165357
1.68288
0.931602
-0.347841
-1.38893
0.734339
0.0195117
-0.196767
-0.178205
0.498141
0.120684
0.390555
0.420548
-0.221468
-0.483245
-1.11958
0.0169516
-1.62496
-0.147811
-0.404712
0.477406
0.471203
-1.89048
0.297857
0.356512
0.733414
-0.182296
0.0959587
0.297943
-0.816929
-0.702732
-0.0406985
-1.18044
0.406765
-0.470132
-0.203731
-0.127608
0.57476
0.709442
0.810289
0.648165
0.992126
-0.437004
0.44555
0.468314
0.848126
0.560909
0.183446
0.239034
0.0577495
0.199971
-0.649164
-0.0497279
-0.166052
-0.0649645
0.147299
0.410488
-0.309859
0.174331
-0.101718
0.474275
-0.776294
0.606258
-1.48294
-0.229945
0.188695
1.30214
0.43338
-0.498086
0.236678
-0.744713
0.80088
0.820501
0.215856
0.503382
0.165485
1.13155
0.322744
-0.00554692
-0.837625
-0.338726
-0.332601
-0.287252
0.599642
-0.697374
-0.759598
-0.0231423
0.300705
0.302171
-0.575734
0.100912
0.102757
0.01834
-0.602876
-0.406092
-0.793159
-1.03424
-1.17349
-0.293911
-0.48383
-0.107161
-0.390478
-0.116305
0.706341
0.403947
0.537313
0.643597
-0.55557
-0.337413
0.0341064
-0.410368
0.863564
0.285264
0.636885
-0.635417
0.808541
0.0637535
0.403329
0.656187
0.146468
-0.538825
-0.303829
0.379787
0.0493396
-0.794686
-0.189675
-0.234429
-0.837517
-0.543914
1.09172
-0.216005
0.7315
-0.761082
-0.524851
-0.390452
-0.690495
-1.34741
0.371901
-0.410515
-1.59819
0.151565
0.454425
-0.378143
-0.714082
0.162254
-0.301437
-0.0355014
0.205347
1.45303
0.0572766
-0.543859
1.12607
-0.069102
-0.0696267
0.165023
1.23203
0.764449
-0.104404
-1.14308
-1.01392
0.258853
-0.499293
0.820375
0.625365
0.7572
-0.490069
0.64274
0.0590547
-0.884366
0.481781
0.459809
-0.0510095
0.591721
0.820144
0.865095
0.0632347
0.991627
-0.294576
1.04986
0.0647461
-0.297621
0.00202485
-0.105513
-1.12239
0.258395
-0.359832
-0.763839
-0.431711
-0.628172
-0.291327
0.0173655
0.00509912
0.0113397
0.521021
0.223047
-0.515913
0.634657
-0.776192
-0.259581
-0.216557
-0.154465
-1.01282
0.400921
-0.85964
-0.0499534
-0.127361
0.834245
0.40368
-0.155238
-0.232718
-1.29708
-0.599755
-0.989026
-0.0985641
-0.570542
-0.591014
-0.166958
-0.272178
0.405641
0.0306203
-0.384765
1.34922
0.669615
0.192403
-0.268603
0.31123
0.371566
-0.0832222
-0.203138
0.0215259
-0.561632
1.0423
0.518421
-0.548254
0.485482
-0.279878
-0.00680989
-0.7574
-0.848636
-0.98344
-1.19509
0.0523751
-0.412727
0.539255
-0.677958
-1.55325
-1.06814
0.213055
-0.103348
-0.207138
-0.296772
0.707164
0.0587909
0.304681
0.988147
0.559741
1.00303
0.950549
-0.497423
-0.448052
1.11266
-0.0766041
0.770693
-0.402871
0.638378
0.52061
-0.194643
1.43271
0.529525
-0.50218
0.264658
0.835468
-0.198288
-0.754497
-0.782765
-1.28023
-0.470284
-0.944679
0.3814
0.22212
1.10263
1.3707
-0.107283
-1.08718
0.130429
-0.483566
0.437694
0.650439
-0.321468
0.0349805
0.601796
0.117775
-0.687913
0.18577
-0.226252
0.332934
-0.151699
-0.0539493
-1.1673
-0.392108
0.694135
0.124036
-0.569943
0.511947
-1.67017
-1.30274
-0.268513
0.189249
0.571865
0.220964
1.03837
-0.99232
-0.318828
-0.855885
1.71746
1.45073
-0.235394
0.23194
-0.923684
-0.55784
-0.20832
-0.719278
-0.0185241
-0.00901071
1.00847
0.626437
0.022007
-0.189236
0.216196
-1.07348
0.406123
-0.425427
0.148911
-0.601708
-0.874938
-1.71393
1.20095
1.84044
0.982673
-0.719398
-0.562477
-0.812355
-0.794805
0.880256
0.272698
0.905528
0.240133
0.209536
-0.422539
-0.45508
-0.101149
0.876852
0.438331
-1.84206
-0.335175
-1.05382
-1.29441
-0.867589
0.088139
-0.311531
-0.0837494
0.872111
-0.840794
0.467458
-0.865146
-0.759797
1.19629
1.09762
-0.711528
-0.912899
-0.0278018
0.0649977
1.12944
0.405228
0.712635
0.544096
0.247726
-0.24092
0.810984
0.525373
-0.236909
-0.494478
0.817566
