-0.817339
-1.85489
0.0453592
-0.410175
0.0750384
0.452585
-0.43049
-0.00566125
-0.226039
-1.20503
0.0530935
-0.314141
-1.00232
-1.79104
-0.560925
-0.56865
-0.250749
-0.598476
-0.224762
-0.637673
-0.221914
0.523213
0.329273
0.518299
-0.47905
1.21564
-0.569356
0.275577
1.66566
0.617589
0.511121
-0.827132
-0.387468
-0.36439
0.341178
-0.627532
-0.22529
-0.517479
-0.474981
0.0584661
-0.755672
0.393574
0.961174
0.869163
1.24559
0.389198
0.702847
1.31446
1.40703
-0.972892
0.802471
0.247696
-0.090196
0.434289
0.299357
0.645791
-0.554514
0.875742
0.233864
1.16767
0.985695
0.839094
0.538092
1.34148
-0.656349
-0.0517407
-0.297631
0.467826
-0.624753
-1.45686
-1.22833
0.0496585
-0.633457
1.0143
0.101284
0.11702
0.434252
0.111708
-0.0166929
-1.26272
-0.0453393
0.70308
-1.10958
-0.0434782
-0.587451
-0.946107
-1.01983
0.33598
0.852416
-0.440651
0.864454
0.579503
-0.534275
-0.151793
-0.202234
-0.306839
0.172954
0.578457
-0.329747
-0.513565
-0.736891
0.914541
0.636798
0.230268
-1.23203
-0.326462
0.161211
0.505246
0.442624
-0.729526
-0.702224
0.562531
0.71536
0.177286
0.715706
0.675484
0.167062
-0.10837
-0.952433
0.194242
1.70005
-0.347878
-0.902146
-0.143677
0.0483696
0.499755
0.0873111
-0.290099
0.138755
0.685723
-0.283107
-0.434471
-0.391848
0.102341
-0.626751
-1.57699
-0.406053
1.19394
0.781169
0.525219
0.653782
0.084637
0.418953
1.63081
-0.00690146
0.318886
0.0198855
-0.94702
-0.375638
0.721146
-0.279178
0.0503421
0.173201
0.722772
0.819456
0.0230827
-0.0993197
-0.180419
-0.623214
0.0878452
-1.04836
-0.645595
1.058
1.80809
0.40976
1.73595
0.91954
0.434343
0.313854
-0.865437
-0.127562
-0.401765
-0.406981
0.649061
-0.696242
-0.871867
1.0171
-0.136072
-0.19955
-0.754992
0.400663
-1.01238
-0.905855
-0.981258
-0.529553
-0.115395
-1.03505
-1.30914
-1.01455
0.475482
-0.288772
-0.362862
-0.356862
-0.0959089
-0.261265
-0.0934214
1.26905
-0.426677
-0.250115
-0.524355
0.401479
0.367263
0.220886
-0.345555
0.0522649
0.152948
-0.326045
-0.37996
-0.168141
0.483029
0.998316
0.29999
-0.419553
-0.148689
0.412919
-0.596356
-0.738745
-0.297747
0.443504
0.175101
0.00525378
1.32012
1.12934
0.576893
0.0212597
-0.277717
-0.129435
0.0435585
0.333896
0.872769
0.168385
-0.213881
0.232895
1.51758
0.213784
0.229687
-0.00717838
-0.160819
-0.62739
-0.195803
0.769277
0.113982
1.32644
0.245699
0.491738
0.736702
0.381426
-0.750101
0.204242
-0.484863
-0.0473019
0.243213
0.80813
-0.812264
0.191297
-0.366743
-0.0651381
0.15102
1.13885
0.644821
0.299261
1.48813
0.176179
0.0760307
0.365183
0.749009
0.3177
0.279409
1.01279
1.04316
-1.23869
-0.1332
0.70742
0.542497
-0.314774
-0.498777
-0.414282
-0.0748239
0.563668
0.15067
0.574926
-0.320437
-0.688156
-0.226426
0.0019647
0.497779
0.0443949
-0.344889
-0.273851
1.40377
-0.784941
-0.911114
-0.00848873
-0.0142153
-1.06505
-0.65471
0.10824
-0.298046
-0.174708
-0.154973
0.458087
-0.084818
-1.09375
0.894426
-0.0777406
-0.366805
-0.26455
-0.463403
-1.04199
1.2272
0.720637
0.808657
-0.580988
0.2912
0.168774
0.334129
0.569493
0.0512348
0.895585
0.465534
-0.57033
-0.774594
-0.78439
-0.242176
-1.35805
0.0368874
0.618483
0.261894
-0.388658
-0.541545
-0.778057
0.0177408
0.466199
-0.0554016
-0.717877
0.316693
-0.511634
0.0556314
-0.719802
0.234966
-1.07944
-0.618186
-0.208214
0.876121
1.14808
-0.0370327
-0.941666
0.510367
0.279864
0.201696
0.838186
1.43139
0.555631
-0.0653829
0.631392
0.388933
-0.0249012
0.298677
-0.13715
0.197517
-0.372779
-0.423303
-0.329614
0.170341
0.0154877
0.467899
-0.777558
-0.879492
-0.710762
0.600899
0.211184
0.559819
0.205422
-0.856177
-0.740693
-1.54314
-1.08431
-2.00574
-0.730536
-0.156404
-1.00909
-1.05319
-0.58899
-0.141712
-0.990657
-0.571606
-0.642092
-1.34742
-0.822439
-1.22755
0.897871
-0.344578
-0.461349
-0.277476
0.554847
1.10677
0.116825
-0.0783028
0.0339026
0.326535
0.46311
0.345465
0.203725
0.325042
0.182867
-0.218859
-0.15118
1.09468
0.311055
0.401517
0.91789
0.293521
0.190586
-0.341505
-0.514722
-0.132987
0.354634
-0.467398
-0.161833
0.921535
0.448307
0.012432
-0.756357
-0.340926
-1.03038
-1.24671
-0.604906
0.151575
0.571808
0.0153958
0.0401319
0.967232
0.107184
-0.699296
-0.529597
0.309828
0.464803
-0.166172
1.19172
0.118468
-0.614355
-0.185506
0.10623
-0.149402
0.899153
0.660142
-0.313606
0.454775
-0.549016
-1.18829
-0.131734
-0.730744
-1.00175
-0.989482
0.308171
-0.0495185
-0.880643
0.151515
0.697761
1.49284
0.227538
0.0611964
-0.680767
-0.0255089
0.465966
0.292243
-0.530822
-0.347898
-0.301738
-0.728532
-0.643368
-0.714704
-0.380168
0.110948
-1.32752
1.12008
-0.134047
-0.854294
-0.535159
0.0355205
0.704738
-0.0918703
-0.312754
-0.711059
-0.380054
-0.786162
-0.203442
0.150087
-0.0688364
-0.361067
1.67156
-0.573575
0.506686
0.369096
-0.219453
0.931163
-0.533457
-0.151579
0.14399
0.800357
0.444574
-0.038121
-0.618279
-0.19816
-0.00958454
0.264465
0.43217
0.715073
1.60861
1.69664
0.133796
-0.688779
-0.616657
-0.525518
-0.406725
-0.331793
-0.913348
-0.409498
0.304447
-0.18872
-0.383362
1.25958
0.977363
0.253977
-0.431947
0.536935
0.134769
1.02671
0.0848764
-0.0263963
-0.0203505
0.415548
0.498921
0.762223
0.68621
-0.321398
0.213225
0.973039
-0.257295
1.25779
0.276809
-0.439428
-0.127224
-0.505834
-0.0742806
-0.588633
-0.490674
-0.561905
0.437628
1.09107
0.493314
-0.487363
0.117119
-0.436715
0.312046
-0.526426
-0.166822
-0.748205
-0.520061
-0.463093
0.834246
-0.197352
0.659605
0.96506
1.13852
0.305657
0.393328
0.183634
0.267226
-0.309569
-0.0715877
-0.17529
0.27102
-0.385253
-0.457618
0.498302
-0.149645
-0.641646
0.222377
-0.389359
0.57976
0.968643
0.236041
-0.172848
-0.677481
0.143142
0.801896
0.304666
-0.423407
0.351722
-0.49407
0.957448
1.09639
0.0579468
-0.466679
-0.160721
0.230103
0.58565
-0.434475
0.0270317
-0.598938
-0.862873
0.162975
0.0716555
0.0451847
-0.912608
-0.108318
-0.539172
-0.923579
0.252998
-1.64232
-0.50111
-0.646753
1.26686
-0.56974
0.279938
-0.888858
-0.645595
-0.802156
-0.531626
0.102336
0.204983
-0.197131
-0.58678
0.630104
-0.0502244
0.711384
-0.618603
0.0137935
-0.584071
0.690288
0.0752981
-0.0391749
0.251791
-0.433786
-0.553625
-0.0485024
-0.187157
0.974464
-0.235442
1.01667
0.516138
-0.0733399
0.425439
0.0689572
0.827513
0.608614
0.914955
0.243424
0.349984
1.13385
0.966936
-0.695288
0.104535
-0.349625
-0.422745
-0.342771
-0.165727
0.120416
1.20716
-0.42311
-0.560492
0.0080431
0.345383
-0.732869
-0.477167
0.299699
0.450664
0.39551
0.966826
0.103548
-0.420113
-0.628067
-0.00496209
0.592506
-0.337352
-0.83854
0.650565
1.37366
0.967179
0.033947
-0.140577
-0.0732114
0.38864
0.448033
-0.00173301
0.0202051
0.0408496
-0.20479
-0.430478
-0.727492
0.776154
0.198184
-0.0468503
0.00208799
-0.0203584
1.1141
-1.32419
-1.33385
-1.31285
-0.259233
0.588912
-0.763896
-0.836937
-1.54014
-0.940407
-1.44816
-0.106434
-0.654165
0.023058
1.0168
0.387751
-0.346892
-0.0170996
-1.32016
0.779891
0.834526
1.15513
1.45924
1.86081
-0.0384437
0.374066
-0.154872
0.4473
0.290755
0.238233
-0.547501
-0.0512144
1.04204
0.0703075
-0.00521226
0.456349
-1.64939
0.137413
1.01811
-0.651301
-0.101294
-0.259951
0.899782
-0.221696
0.778154
0.945172
0.0356719
0.0604701
-0.332977
-0.198227
-1.01412
0.0487484
0.154774
-0.657992
0.297957
-0.0598182
0.0481409
-0.93882
-0.595536
-0.320043
-0.315712
0.703584
-0.68732
-0.372025
-0.0169282
0.945617
0.896227
0.194255
0.982388
-0.195964
-1.16496
0.453869
-1.00655
-1.58097
-1.52083
0.217912
-0.538016
0.247656
1.4231
0.86299
-0.234541
0.87593
-0.0185732
-0.379549
1.13038
0.200292
-0.93366
-2.04819
0.0532471
-1.07875
-0.719596
0.236124
0.229839
1.46516
-0.105687
1.46634
0.63223
1.57594
0.527188
0.301963
0.0461263
0.307044
-0.204894
0.504106
0.0990804
-0.688908
0.328827
1.14101
1.05043
0.901465
-0.286351
-1.26217
-1.28378
0.694342
0.714301
-0.366826
-1.0249
-0.720866
-1.23574
-1.2368
-0.428601
-0.224108
0.549767
1.42073
-0.627344
-0.378953
-1.01528
0.0732073
0.901572
1.31256
0.783435
0.357517
0.918707
-0.485107
-0.486802
-0.113269
-0.694349
-1.12517
0.593287
0.387727
0.143193
0.241686
-0.549297
-0.125671
-0.0779366
0.740238
0.620345
-0.818469
-0.607792
-0.509768
-0.840642
-0.388739
0.732668
-0.4971
1.53657
1.40476
-0.213411
0.180604
0.496777
1.34637
0.29204
0.0315931
0.202985
0.226431
-1.00961
0.271686
0.0700666
0.204633
-0.422382
-0.357839
-0.461203
-0.564396
0.18931
-0.0431164
-0.311214
-0.0458228
-1.22551
-1.33014
-0.019512
0.945142
0.539731
-0.131438
0.782522
-0.0811418
-0.232243
0.261682
0.487074
-1.05933
-0.969286
-0.885759
0.2478
-0.645487
-0.313524
0.747379
0.776431
1.301
0.701102
-1.4715
-1.70887
-0.553819
0.0165853
-0.694191
0.774706
0.78464
-0.388309
-0.224722
-0.498094
-0.136405
-0.940207
-0.32707
1.17424
0.240218
-0.239137
0.587321
-1.16407
-0.446266
-1.30722
-1.58639
-1.19372
0.6121
-0.401521
0.47531
0.7351
-0.332208
-0.786739
-0.022977
-0.0393378
-1.27464
-0.506825
-0.699774
0.241319
-0.80637
-0.228352
-0.0782106
0.197328
-0.129063
-0.310299
-1.04733
-0.613101
0.956633
1.17625
0.0139504
0.396605
-0.460208
-0.134626
0.278954
1.38598
0.736937
1.35318
0.752226
-1.06755
-0.0536383
0.839863
-0.389513
-0.141523
-0.723973
-1.69038
-0.583643
0.414047
-0.207886
0.284829
0.515173
-0.274125
-0.278846
1.20709
1.03564
0.28264
-0.552293
-0.968924
-0.287186
-0.00852958
0.770082
0.535643
0.570336
0.483496
0.938452
0.110449
-0.972752
-0.281051
1.02517
0.920254
0.524162
0.275316
-0.710673
0.52095
0.40805
0.0110742
0.932105
0.898316
0.589529
0.947678
0.657537
0.833345
0.766685
0.591522
-0.0648571
0.36879
-0.822982
-0.146489
-1.08667
0.564844
-0.128015
0.144377
-0.118533
