0.0180091
-0.549011
1.00101
0.600836
0.13472
-0.40492
-0.535419
1.03493
-0.880556
0.644273
0.934842
-0.788009
-0.844873
1.40908
-0.901205
-0.600042
0.483158
1.29345
0.278751
-0.303919
-0.368944
-0.0849711
0.0584439
0.209486
-1.41894
0.294457
0.108376
0.379359
-0.203876
1.09278
0.216235
-0.868015
-0.394023
-0.737042
0.000203549
0.0161551
-0.19536
-1.22619
0.639343
0.504826
1.60374
0.34333
0.619639
0.371347
0.380299
0.564829
-0.244197
0.928063
-0.0743282
-0.190739
-0.574368
1.33441
-0.374796
-0.0455
0.230605
0.692761
0.53213
-1.47861
0.450975
0.22644
-0.311254
0.432919
-0.492915
-0.538402
0.0519079
0.236061
-0.475307
-0.445564
-0.358774
-0.949853
-0.159759
-0.300245
-0.065568
-0.266294
0.209099
-0.0143016
-0.9922
-1.16594
-0.533876
1.08057
-0.376159
-0.515723
0.200563
0.669821
-0.446968
0.00201941
-0.105897
0.392904
-1.15475
-0.179377
1.40815
-0.949913
0.117609
0.22834
-0.0113251
0.823059
0.486776
0.283654
-0.265564
0.268671
0.270646
-0.0317255
-0.633875
-0.689382
0.867955
-0.163009
-0.553333
0.349091
0.0165238
-0.554431
0.846752
-0.907733
-0.28105
0.135081
-0.244072
-0.52153
-0.472098
-0.0308122
-0.204568
-0.30553
0.0831789
0.208865
-0.373764
-0.0593897
0.0761108
-1.28426
0.693078
0.492574
-1.79239
0.539236
0.544048
-0.725101
0.714399
1.21146
-0.154306
0.0266573
0.549894
-0.939893
-0.194343
0.175779
0.0665382
-0.572684
0.85802
-0.615192
-0.486218
1.42206
0.0899901
-0.196058
-0.550317
0.992654
0.688332
0.505592
0.649645
0.00148603
0.343801
0.76013
0.0931886
-0.829491
0.0555674
-0.670101
0.39543
0.0161544
-0.863037
1.08093
-0.721152
0.705362
0.640101
0.467452
-0.523415
-0.992387
-0.552944
0.447784
0.000496697
-0.210573
-0.322656
0.908384
-1.33716
-0.299681
0.651977
-0.433801
0.792483
0.463812
0.77453
-0.0834784
0.435169
-0.231637
0.024724
-0.345564
0.292402
-0.254301
0.796449
-1.50944
1.21054
0.629727
0.863284
-0.0171548
0.863933
0.581389
0.399889
-0.308122
0.0264009
-0.373202
-0.647468
0.528649
-1.03659
0.381918
0.950027
-0.0944825
0.316045
0.393002
-1.54994
0.855422
-0.237792
-0.570381
1.40027
-1.29576
0.541408
0.0261611
-0.485975
0.444608
-1.68511
-0.215202
-2.70227
2.86598
-0.790137
-0.557195
-1.08267
0.0973859
-0.0752294
0.194565
1.2828
-0.35588
-0.0936218
1.30575
-0.696555
0.486698
-0.554771
0.416864
1.09018
-0.143504
1.51489
1.55821
-0.562872
-0.452022
0.0557229
-0.587917
-0.294297
1.455
-0.809825
-0.193716
-0.864966
0.700072
-0.94567
-0.066616
1.01015
0.474974
-0.478875
0.724663
-1.05088
0.599276
-0.0804539
0.442053
0.650143
-0.817193
0.707434
-1.31623
-0.805531
0.506485
-0.385991
0.369434
-0.305004
-0.808319
0.124222
0.549958
-0.355272
1.16168
-0.369437
1.29392
-0.708719
-0.0345414
0.480462
-0.448375
-0.390793
1.79323
0.640079
0.1181
-1.00649
0.334086
0.478071
-0.457109
0.326478
0.701576
-1.1385
0.279231
-0.623539
-0.617351
-0.710897
-0.11935
-0.174396
0.487032
-0.0785535
0.694118
-0.479155
0.326849
0.00877598
-0.0552093
1.12693
0.139816
-0.630826
0.912776
-0.237102
0.0582582
-0.435357
0.665977
0.545198
-0.277063
-0.409693
-0.665962
0.795332
-0.537002
-0.370014
0.54461
0.345912
-0.823453
-0.683023
-0.699893
0.04308
0.543119
1.31569
-0.720369
0.872216
-1.33226
-0.456734
-0.0822119
0.534032
1.26064
0.474875
-0.0490971
1.265
-0.392391
0.26803
-0.298406
-2.23515
1.08733
-1.62679
-0.329009
1.79195
-0.590715
0.121438
-0.316063
0.880873
-2.0714
0.496651
0.0577
-0.014933
0.794215
-0.62749
-1.59037
0.0591087
-0.402182
-0.566833
-1.06742
-1.21048
1.01721
-1.19116
-0.160932
0.822059
-0.789093
0.544695
0.820494
0.579089
-0.225492
0.322724
-0.367158
0.00833338
-0.157604
0.45529
1.02738
-0.603247
-0.563881
0.203537
-0.361566
-0.142632
-0.0131811
-0.375181
0.816658
-0.218876
0.307773
-0.163393
0.201799
0.151111
0.77475
0.349415
0.356806
1.08045
0.368701
-0.0626032
0.826638
0.280124
-0.77998
0.269269
-0.28559
-1.01267
0.212581
0.430601
-0.679798
-1.06548
1.83257
-0.806346
0.0674666
0.929989
0.0267816
-0.274221
-0.88859
-0.0544525
0.797583
0.0576689
-0.331497
-0.444978
-1.33843
-0.997713
-0.990014
1.04579
0.609665
0.0476101
0.805193
-0.101823
-0.5855
1.65734
-0.193749
-0.478254
-0.238066
0.540784
0.433949
-0.751821
0.150534
0.252605
0.862854
-0.225614
0.308867
1.38032
0.0764006
-0.293807
-0.548465
0.554381
-0.184445
-0.991625
0.378444
0.517323
-1.01378
1.42244
-0.423794
0.285916
-0.0048047
0.127093
-0.389186
-0.600365
-0.460707
0.00721354
-0.727157
0.249263
0.525145
1.24554
0.917603
-0.68372
0.524399
-0.817008
0.411374
0.42203
-0.256111
-0.188124
-0.190213
-0.137251
-2.73625
0.773376
0.40562
-1.14947
0.144441
-0.418514
-0.49195
1.50574
-0.835166
0.719243
0.417874
0.0901854
0.10572
-0.771078
-0.37392
0.490481
-1.3701
0.674901
-0.503992
-0.358617
-0.614062
0.0632081
-0.122827
0.307121
0.553459
0.450678
0.2537
-0.12929
0.286382
-0.726354
-0.281056
0.172778
0.0730796
-0.196042
-0.0255253
0.126919
0.184546
0.702667
0.0973385
-0.954419
0.883906
0.396779
0.731604
-0.518884
-0.0247244
-1.3691
-0.760531
0.620895
-1.46851
0.0634569
0.0255941
-1.29448
0.179726
-0.0324024
-0.56423
-0.673078
0.0457653
-0.0290412
-0.527117
-0.374436
0.347189
-0.98978
-0.803894
-0.760889
0.929323
-0.863958
0.856016
0.730725
0.258195
-0.317677
-1.65395
0.53497
-1.18607
-0.241331
0.0519282
-0.0681761
-0.157039
-1.28194
0.377998
0.220936
-0.373483
0.218205
-0.832587
0.00186577
-0.326072
-0.700644
0.171743
0.443812
-0.607907
0.0832106
-0.347743
1.33857
-0.617593
0.169954
-0.210482
0.0210257
-0.327778
-0.265598
-0.27339
-0.761455
-0.760141
0.585799
-0.444456
0.898299
0.480359
-0.725352
1.02065
-0.210073
1.39815
-1.44317
0.0145741
0.00475433
-0.601185
0.709827
-0.285688
-0.820952
0.301514
-0.708588
0.0424142
-0.390237
-0.810606
1.29129
-1.11328
-0.547684
0.395606
0.520341
0.489521
0.0473739
-0.454568
1.15711
-0.936789
-0.942774
0.8923
-0.663821
1.3829
-0.84691
-0.806234
0.258426
0.701305
-1.48287
0.0485919
-0.603719
0.218086
0.142339
-0.845616
1.56773
-1.70142
-1.23393
0.200834
-0.409686
-0.00629083
0.381434
-1.48948
0.620783
-0.174692
0.180753
1.02818
0.477563
-0.598335
1.00566
0.565113
0.101769
-0.23937
-0.986041
0.664837
-0.787627
0.00169509
0.125948
0.429148
-1.13574
-0.336226
-0.508011
-1.22456
0.654915
0.427278
-1.40348
-1.98624
-0.794834
0.199571
-1.22061
-0.0581942
0.508514
0.220755
-0.0431283
0.800552
-0.32558
-0.0393493
-0.168099
-0.721734
0.0220445
-0.783379
1.21607
-0.264017
0.216188
1.30158
0.833926
-0.983794
0.445899
0.457302
-0.376359
-0.015978
-0.984468
0.519048
-0.219146
0.133866
-0.271134
0.651114
-0.171665
-0.377073
-0.636496
0.460653
-1.41849
0.849044
-1.08843
0.276584
0.867044
-0.818154
1.39472
-2.20476
0.165744
0.413238
-0.712606
0.0823134
0.77043
-0.225962
0.376894
0.23747
-0.460968
0.157694
0.410312
0.224157
-0.0985719
-0.912846
1.50557
-0.45093
-0.253047
-1.33848
0.315511
0.232295
-0.473759
0.338169
-1.1804
1.35541
-0.321803
0.851338
-1.64581
1.09955
-0.0758947
-0.479249
0.152959
0.695084
0.465353
0.357842
0.600358
-0.904826
-1.05831
0.571527
0.0921431
0.285664
-1.02958
-0.156631
-0.0565091
1.06013
0.252198
-0.310159
-0.778529
1.03698
0.0219038
0.0528258
-0.651596
-0.336096
0.379879
-1.25442
0.498822
0.520428
-0.426391
-0.690739
-0.0123228
1.06798
-1.13625
0.168103
1.03578
0.0298058
0.116991
-0.382767
0.623353
-0.108922
-0.43811
-0.500047
0.82139
0.590315
-0.373628
0.871806
-0.312064
0.290959
-0.0576843
0.339391
-1.00086
-0.389263
-1.6709
0.672917
1.27844
0.0602884
0.155991
0.226125
-1.40945
0.898547
-1.3273
0.618373
-0.346719
0.646824
-0.227864
0.260291
0.0741718
0.415625
0.283334
0.276748
1.26767
-0.382078
1.08065
0.353139
0.279415
-0.308928
0.59958
0.0516582
-0.240124
-0.0767871
-0.731879
-0.87586
1.18812
0.133092
0.325956
0.819312
-0.875717
0.72233
-0.139862
0.871115
-0.315913
0.604003
0.534359
0.68082
0.62073
-0.283441
0.621736
0.133195
0.106125
0.820133
-0.445721
-0.0188978
-1.19768
0.298118
-0.59353
0.145071
0.469362
-0.931847
0.787907
0.675431
0.357983
0.675937
-1.01628
0.0264146
0.0218689
-0.489904
0.762553
-0.0760171
1.43811
-0.0927867
1.48486
-0.374394
-0.602445
-0.247043
0.519452
-0.171126
-0.651329
-0.24548
0.433347
-0.195257
-0.125801
-0.173056
-0.037044
0.105066
0.107892
-0.621011
-0.430817
1.13735
0.325766
-0.187199
-0.29718
-0.484916
0.456716
-0.579617
0.496814
-0.161515
1.76825
-0.30042
-0.465865
0.746553
0.16749
-0.453395
-1.30556
-0.335087
-0.740566
1.02272
0.382164
-0.162184
-0.0138661
-1.0444
-1.62247
0.306271
-1.02039
0.448143
-0.497298
-0.424156
-0.531819
-0.59324
-0.786942
0.123495
-0.467602
0.188606
-0.0705905
1.41802
0.4136
0.2362
-0.787724
0.387716
-0.0108694
-0.410543
-0.43012
-0.89647
0.592629
-0.335163
0.421895
-0.447419
0.734452
-0.186649
-0.0388416
1.10109
-0.509657
1.14291
1.11283
-0.197544
1.00561
-0.614218
0.212266
0.989469
0.353287
0.138539
0.546729
-0.695099
-0.429573
-0.430514
0.0124363
0.797069
0.152
0.85667
-0.0110653
0.238044
-0.833455
-0.00772335
-0.963458
0.230689
-0.349119
0.408138
-0.34778
-0.62285
0.215759
0.665806
1.13187
-0.527165
0.632565
-1.77639
0.245089
-1.56595
0.0954803
0.0254925
1.39991
-1.33824
0.536398
-0.794098
-0.219765
-0.440033
-0.278915
0.215608
-0.280275
0.926174
1.31847
-1.16723
0.911513
-1.07287
1.07896
-0.199673
0.298945
0.263712
0.189257
0.52483
-0.757999
-0.568859
-0.0292817
0.148559
0.31979
-0.688056
0.51375
-1.6115
0.759247
-0.590758
-0.898799
0.951535
-0.301882
0.0741841
0.130629
0.275062
-0.0662491
-0.205862
1.08457
0.196841
-0.686128
0.743753
-0.717414
-0.108446
-0.0852708
1.07949
0.239185
0.0930693
0.0717173
-0.148307
0.827412
-0.221483
