-0.570786
-0.876309
-0.938958
-0.592453
-0.436023
-0.139018
0.434791
-0.110491
0.0515962
-0.137582
-0.537895
-0.488025
-0.716233
-0.755247
-0.672542
-0.899887
-0.665317
-1.08563
-1.02538
-0.645714
-0.21486
-0.0205471
-0.000161695
0.243625
0.31399
0.782533
1.09009
1.13504
0.663845
0.273865
-1.08261
-0.442257
-0.210367
-0.174601
0.110026
0.0279243
0.0447984
-1.03509
-1.33295
-0.66098
0.839008
1.24911
1.16624
0.795228
0.713491
1.0603
1.34796
1.21561
0.276488
0.843452
1.05415
0.848852
0.368818
0.856375
1.5248
0.552784
0.880779
0.910625
1.14217
1.1801
-0.267212
0.0595921
-0.107738
-0.452558
-0.703405
-0.500979
-0.259004
-0.363857
-0.400071
-0.0712006
1.18721
1.31323
0.590219
0.403954
0.610015
-0.204595
0.329672
0.942832
0.744286
1.01403
0.513542
1.11297
0.78908
1.06452
0.871775
0.791411
1.05619
0.822868
1.26561
0.709978
0.0937119
0.957952
0.50105
1.01652
1.01317
1.01434
0.983479
1.14512
0.692984
0.681703
-0.334602
-0.155977
-0.365155
-0.450963
-0.355406
-0.327315
-0.393738
0.0445866
-0.237396
-0.667012
0.22115
0.255753
0.28251
0.132789
0.351806
-0.307019
-0.229216
0.142256
0.672718
0.646962
0.0853845
0.470887
0.605392
0.279388
0.539228
1.15744
1.33978
1.43655
0.794284
0.1975
-1.1252
-0.827552
-0.816057
-0.737566
-1.18466
-1.81273
-1.69647
-1.41617
-1.28001
-1.32003
0.785286
0.447361
0.120996
0.675195
1.21935
0.406501
0.380053
0.65885
-0.00338789
0.736413
0.197653
0.18883
0.686841
0.563096
-0.0534524
0.124543
-0.32383
0.0894543
0.149034
-0.189591
-0.245866
-0.0416689
-0.672348
-0.57382
-0.0118495
-0.440328
-0.556206
-0.943989
-0.712877
-0.737071
-0.716263
-0.723142
-0.260825
-0.0853969
-0.446498
-1.29586
-1.78299
-2.14798
-1.60864
-1.20532
-0.315631
0.471008
0.722353
0.638588
0.0646532
0.351112
0.199382
-0.647493
-0.738043
-0.438315
-0.516033
-0.307147
-0.051602
0.0250614
0.115035
-0.384655
0.203544
0.0711836
-0.23061
0.0298457
0.707013
0.685617
0.673051
0.736295
0.384949
1.45565
0.870579
0.245988
0.372905
0.651029
0.237135
-0.00942059
-0.243116
0.431708
0.408776
0.308329
0.31477
0.729086
1.0567
0.416251
0.757447
0.811329
0.940028
0.608739
0.0352228
0.0750687
0.663154
0.270631
0.893006
0.636408
0.160729
0.0563483
0.220448
-0.587249
-0.531099
-0.255587
-0.0419159
0.0559182
0.260225
0.55343
-0.334888
0.0851651
0.218267
0.013707
-0.196337
-0.641213
-1.40292
-0.947786
-0.844017
-0.39145
-0.420573
-0.929527
-0.576382
-0.347891
-0.686905
-0.171296
-0.0644567
-0.264909
-0.466249
-0.732781
0.743936
0.405107
0.365491
0.401267
0.724784
0.971049
0.66134
1.32078
1.4761
0.812185
-2.12331
-2.36765
-2.43936
-2.41301
-2.20852
-1.52607
-1.22513
-1.38405
-1.11068
-1.68795
0.837319
1.09758
0.536149
0.687373
0.597241
0.484473
0.847783
1.72712
1.6747
1.69516
-0.413187
0.0570443
-0.389345
-0.295206
0.146468
0.216983
-0.101956
-0.276508
0.288102
-0.717309
0.139343
0.0935347
0.43025
0.18236
0.868557
0.898571
0.984832
0.350111
-0.192619
-0.046175
-1.03181
-0.828902
-0.410949
-1.21764
-1.27345
-1.11768
-0.814076
-0.864327
-0.48265
-0.415633
1.2133
1.23073
0.650527
0.382368
0.582292
0.15154
-0.20859
0.231694
0.0483775
0.274839
0.0516531
0.104076
-0.503742
-0.552724
-0.370494
-0.158146
-0.559341
-0.117938
0.116821
-0.0273212
0.653544
0.243811
0.107379
-0.0292805
-0.318843
-0.224197
-0.829754
0.423081
0.263774
0.222769
-0.968472
-0.447404
-0.663438
-0.651718
0.55184
0.473324
0.997777
0.440865
0.0840815
-0.16213
-1.06991
-0.724057
-0.0577019
0.0105666
0.627965
0.0217022
-0.649587
-1.74258
-1.12592
-0.46252
-1.11193
-0.125339
-0.219618
-0.458811
0.20364
-0.298724
-0.330789
-0.226728
-0.351501
-0.303286
-0.844734
-1.47402
-0.725941
-0.535203
0.610247
0.537098
-0.153256
-0.156069
-0.0308752
-0.482015
0.257991
0.152355
-0.374518
-0.701401
-0.998541
-0.89933
-0.685127
-0.0174723
0.265388
-0.0132099
1.33467
1.16155
1.62165
0.925276
0.573377
0.762287
0.476545
0.572474
0.646383
1.12704
-0.86182
-0.252577
-0.263889
-0.431433
-0.435868
-0.550611
-0.593447
-0.809656
-0.773985
-0.322468
-0.353008
-0.193891
-0.227476
-0.372301
-0.387854
-0.243072
-0.205019
-0.620645
-0.180048
-0.33609
0.240079
0.00958753
-0.0189726
0.372312
0.824359
0.711827
-0.0532503
0.284568
0.664339
0.41377
0.930656
0.751133
0.37489
0.272406
0.712013
0.89162
0.698767
0.927986
1.07078
0.641201
0.46898
-0.218772
-0.407635
-0.0194596
-0.507758
-0.387278
-0.710837
-0.897065
-0.34615
-0.27701
0.707565
0.941449
0.425024
-0.0318679
-0.680208
0.12481
0.286166
0.16167
0.188631
0.647233
-1.07487
-0.818989
-0.491484
-0.522774
-0.458637
-0.748503
-1.28691
-0.898831
-0.71917
-1.24235
-0.0917126
0.155046
0.225687
0.211228
0.158922
-0.13005
0.389444
0.646091
0.134241
0.302202
0.242911
0.683672
0.707046
0.922062
0.956765
0.821187
0.427928
0.0523046
-0.251149
0.556693
-2.12778
-1.89196
-1.10082
-1.11122
-1.82496
-1.71922
-1.36423
-1.13923
-1.86761
-2.26201
-0.202168
0.251999
0.700728
0.0258732
-0.147306
-0.00743909
-0.211109
-0.316275
-0.28063
-0.743003
1.2962
0.853722
0.611412
0.808162
0.500887
0.468728
0.871449
1.08209
1.07303
0.880734
1.82112
1.64721
2.05518
2.16717
1.55161
0.922518
1.3561
1.45564
1.87744
1.24182
-1.10978
-1.61129
-1.48089
-0.832254
-0.305667
-0.0625385
-0.0381235
-0.576217
-0.799679
-1.08212
-0.839381
-0.439227
-0.639705
-0.389061
1.01102
0.769427
0.696745
0.735199
-0.307766
-0.173585
1.00215
1.184
1.99207
2.04368
1.78024
1.95404
1.72423
1.40199
1.02337
1.23256
0.232272
0.519293
0.535674
0.606405
0.212976
0.295503
-0.117128
-0.332143
-0.288209
-0.079778
0.452934
0.793435
0.318419
-0.120102
-0.26161
-0.332658
-0.546884
-0.568713
-0.482463
-0.356401
-0.712043
-0.7032
-0.0586654
0.66166
0.785109
1.53189
1.64348
1.48777
1.21729
0.618878
-0.0278549
-0.892247
-1.34948
-0.616301
-0.33485
-0.473119
0.162595
-0.0362548
-0.237543
-0.662828
-0.221891
-0.718205
-0.735269
-1.09993
-1.39922
-0.490852
-0.278263
-0.392494
0.280632
0.265766
-0.187025
-0.740809
-0.992801
-1.01626
-1.28235
-0.307823
-0.184381
0.513531
1.12624
0.533988
-0.34857
-0.929324
-0.813406
-0.493141
0.165734
-0.22701
-0.71228
-0.998752
-0.372721
-1.0065
0.335805
0.612307
1.32629
1.08467
0.8404
0.896593
0.928127
0.444504
0.237482
0.353718
0.817879
1.209
1.06158
0.9271
1.02685
0.839208
1.12258
0.856176
0.547372
0.89949
-0.374852
-1.02061
-0.988661
-0.592588
-0.902254
-0.867679
-0.773849
-1.12509
-0.775726
-0.436266
-0.183488
-0.648409
-0.558049
-0.655816
0.00790387
-0.168444
-0.416988
-0.522834
-0.178989
-0.601256
-0.789475
-0.740202
-1.0648
-0.838144
-0.841099
0.0531566
0.0266255
0.29157
-0.169495
-0.862278
0.72432
0.068635
0.544229
0.848991
0.780752
-0.126064
0.604375
1.47505
1.16981
1.08036
-1.08296
-0.0580973
-0.327347
-0.809657
-0.647646
-0.898598
-1.2668
-1.00591
-0.652958
-1.0317
-0.50221
-0.621251
-0.540191
-0.880277
-0.216533
0.730619
0.159006
-0.0965275
0.0181167
-0.676402
0.505735
-0.112026
-0.559596
-0.306284
0.053562
0.458428
0.449875
0.504465
0.518319
0.47342
0.523346
0.333947
0.507932
0.732313
0.650156
1.14816
0.55088
1.13788
0.487132
-0.0341036
0.967492
0.990659
0.428136
0.593324
0.784732
0.911083
1.43598
0.802798
0.835777
1.34902
-0.306168
-0.257091
-0.0115091
-0.71075
-0.93473
-0.415954
-0.895861
-0.887206
-0.922771
-0.46445
-0.451439
-0.135469
0.0429818
0.00559974
-0.263278
0.570989
-0.393737
0.0592551
-0.0214836
-0.18029
-0.247296
0.0341811
1.03737
0.855343
0.397897
-0.393022
-0.391477
-0.203413
0.0699362
0.184277
1.13589
1.00747
1.38808
1.77949
1.81107
1.60639
1.86882
1.78912
2.15323
1.66734
1.4138
1.08053
0.782032
0.835776
1.85268
1.81137
1.14292
1.00693
1.24366
1.06709
0.788133
0.21625
-0.00530593
0.554085
0.970415
1.00135
1.2097
1.82951
1.30282
1.33604
1.76608
1.77683
1.39495
1.71016
0.882049
1.0995
0.106312
0.436674
1.62245
2.22505
0.0462192
-0.455464
-0.663016
-0.468565
-0.998551
-0.940427
-0.305926
-0.0506662
-0.0312746
-0.196902
0.519028
0.100407
0.331822
0.606531
0.236295
-0.707657
-0.359658
-0.614789
0.19131
0.0452574
0.0584723
-0.213251
0.0358933
-0.161577
-0.214631
-0.192331
-0.275913
0.540687
0.37778
0.214865
-0.30276
-0.703174
-0.0814504
-0.0523717
-0.501469
-0.563145
-0.174305
0.181183
-0.240192
-0.809169
1.42183
0.802797
0.636509
1.06775
0.567903
0.560284
0.749102
1.40055
1.57706
1.81393
0.858857
0.956274
0.824895
0.640224
0.625916
0.201182
0.130508
-0.0226258
-0.233059
0.342629
-0.0421815
0.17421
-0.450386
-0.462171
-0.238982
-0.175098
-0.0427818
0.617066
-0.261485
-0.314468
0.488207
-0.40269
0.204179
-0.249282
0.277049
0.78563
0.284634
-0.267035
0.118321
0.385418
-0.979488
0.183477
0.524892
0.382824
0.0219751
0.927409
-0.411025
-1.45576
-0.927296
-0.76156
1.61806
0.286742
-0.0204967
0.261493
0.274346
1.76288
1.66922
1.72117
1.86439
1.72506
1.53861
0.946997
1.37314
1.6314
0.889648
0.89833
0.772632
1.02398
0.82111
1.25423
-0.923555
-0.708691
-0.129173
-0.0327129
-0.593105
-0.825698
-0.374871
-0.481692
-0.502461
-0.442904
-1.02755
-0.928005
-0.845302
-0.65167
-1.28674
-0.253443
-0.0110529
-0.537346
0.0619165
-0.822207
0.167599
0.369554
0.219918
0.813437
1.23216
1.2592
0.61494
0.251588
0.162792
0.425022
1.32095
0.9352
0.570249
0.820255
0.592899
0.302965
0.656433
1.09125
1.61667
1.49469
-0.31145
0.610312
-0.181201
0.152674
-0.566048
-0.398915
-0.585129
-0.335698
0.567976
0.936917
-1.5346
-1.61081
-1.61125
-1.77017
-1.3322
-1.31559
-1.23832
-1.25518
-2.10387
-1.84352
-0.320386
-0.839672
-0.118567
0.284565
0.280578
0.253616
0.654589
0.537392
0.799336
-0.216921
