0.717621
-0.0358381
-0.525839
-0.0723949
-0.257163
0.886838
1.07073
0.291527
-0.388139
-0.0562737
0.374397
1.01263
0.65429
0.824328
0.415137
0.0177947
-0.576578
-0.486621
-0.692726
-0.254134
0.342859
-0.758005
-0.529329
-0.284125
-0.485671
-1.40702
-0.331881
-0.917042
-1.13893
0.724296
-0.872578
-1.03447
-1.14755
-0.721307
-1.57893
-0.247073
-0.823673
-0.435887
-0.287339
-0.188215
-0.457402
-0.874648
-0.447798
0.106411
0.690692
0.774023
-0.453996
0.599211
0.534666
-0.280818
0.662979
-0.112752
0.0980192
-0.0658017
-1.33461
-0.346936
-1.00469
-0.711489
-1.22056
0.305496
0.855074
0.422259
1.75785
0.417469
0.878069
0.541111
1.10903
0.542052
-0.776795
-0.402826
-0.91681
-0.0844791
0.288839
0.427072
-0.153059
0.207621
-0.434799
0.122728
0.401799
-0.377722
0.943589
0.724709
1.19476
1.33201
0.237465
0.1131
-0.908633
0.121628
-0.376484
-0.067916
0.151476
0.186987
1.52823
1.87451
0.75759
0.810626
0.520171
-0.516612
0.0462698
0.303906
0.176389
0.380911
-0.804259
-0.1996
0.0434028
0.224792
-0.0480927
-0.309935
-1.26628
-0.53312
-1.17804
-0.984391
-0.498972
-0.206994
0.555556
-0.351448
-0.247903
-1.08639
-0.416523
-0.391858
1.03839
-0.286627
-1.11143
-0.940895
-1.66679
-0.0872952
0.778017
1.02372
0.857164
1.60466
-0.142769
0.0507498
0.212213
-0.492412
0.294454
-1.07582
-1.19196
-1.80632
-1.29527
-0.588794
-0.178708
0.734145
0.159397
0.108551
-1.12151
-0.196387
-0.242182
-0.708479
-0.194143
0.281168
-1.10593
-1.49907
-0.712634
0.108905
0.0131822
0.238019
-0.726381
-0.937498
-1.30005
-0.688528
0.140925
-0.229557
-0.121001
0.116906
0.907819
0.378511
0.501273
0.0751702
-0.677053
-0.268617
0.48732
0.376
0.102257
0.448298
0.351208
-0.133624
-0.2578
0.13435
0.02407
1.03915
-0.116905
0.25385
-0.965108
0.0680481
1.04863
-0.284921
-1.19395
-0.693662
-0.224092
-1.19849
-0.542867
-1.32529
-1.11564
0.363424
0.0170378
0.602135
0.336379
0.510565
-0.494951
-1.6404
0.393864
0.57375
0.73145
0.235337
-0.505553
-1.04688
-0.948277
-0.794994
-0.416866
0.335362
0.317403
0.819031
0.0888211
-0.0897242
0.0952736
0.0462236
-0.751247
-0.0546348
-0.384075
0.201222
-1.61368
-0.781173
1.7094
0.0907769
-0.154404
-0.433861
-0.594053
-1.16594
-0.489187
-0.756285
0.515937
-1.35162
-0.482953
0.889368
0.378166
1.83627
0.0858112
-0.819816
0.276168
0.693781
-0.767051
-1.25822
-1.62089
-1.31915
0.354013
0.406924
0.703858
-0.0353427
0.556024
-0.591184
0.299173
-0.110822
-0.321041
0.174594
0.153182
-0.595232
-0.181982
-0.64656
-0.465864
-0.722774
-0.773905
-1.21535
0.0678142
0.963439
0.406841
0.818443
-0.0761901
-0.730219
-0.00897615
0.436317
0.259012
0.428596
1.29591
1.75877
0.948824
-0.00588635
0.379459
0.868943
0.314903
1.3763
0.0496614
-0.166423
-0.435159
0.145264
-0.464687
-0.345262
-0.538497
-0.455929
-0.230533
-0.420392
-0.85056
-0.722629
-1.0546
-0.149309
-0.903075
-0.00328986
-1.1962
-1.32741
-0.87507
-1.61025
-0.327518
-0.578748
0.999961
1.30828
1.01437
1.26682
1.33686
0.455447
0.0722101
-0.386577
1.25115
1.22139
0.931043
1.94793
-0.0328084
-0.720535
-1.07347
-0.865473
-0.273145
0.346672
0.607877
0.513798
-0.289331
0.758782
-0.402648
-0.166977
0.0487338
-0.717031
-0.363891
0.828092
-0.328408
-0.297454
-0.52102
-0.402102
0.0819585
0.615461
0.549123
-0.182322
-0.47739
-0.956023
-0.527272
0.306162
0.804347
0.957277
1.31864
-0.140776
-0.534439
-0.0296022
0.197178
0.677826
0.268894
0.602388
0.305581
-0.598581
-0.21517
0.114241
0.250527
0.825795
1.68595
1.29254
0.128206
0.634108
0.871425
0.956349
-0.198843
-0.206206
0.520417
0.388254
0.234881
0.774836
0.455403
0.256386
0.546508
0.811516
0.372279
-0.856841
0.392477
-0.479937
0.100233
0.0482345
-0.100091
0.335375
-0.24684
-1.05662
-1.17244
-0.924458
-1.31306
-0.837085
0.851882
-0.334803
-1.00887
0.359276
-0.0897922
-0.31459
-0.36068
-0.116099
-0.193544
-0.077169
-0.0465783
-0.437087
0.402211
-0.765683
0.294517
0.407174
0.331312
0.617646
0.846006
0.403368
0.4494
0.828817
-0.0820346
0.28869
-1.03739
0.158083
-0.0280097
-0.988198
0.298689
0.590304
0.662463
0.71141
-0.0941006
-0.252019
-0.472225
-1.17274
-0.785639
-1.33079
-0.60695
-0.507574
0.288755
-0.638778
-0.277227
0.7603
0.305987
0.163308
0.337105
0.182136
0.628805
-0.0714784
0.321257
-0.36179
0.650616
-0.0567115
-0.623011
-0.0107604
-0.277616
0.588882
0.601035
-0.0820444
0.449186
0.00157155
0.706022
-0.123578
-0.425383
-0.211661
0.401788
0.484377
0.255436
1.24628
1.03122
0.786279
-0.954844
-0.66524
-0.239461
0.617752
-0.144942
-1.10821
-1.55228
-0.960297
0.41256
-0.412699
0.446673
0.36249
0.530516
-0.494119
-0.527002
0.231066
0.535216
-0.996675
-0.535372
0.077965
1.11783
0.536594
-0.349603
0.647105
-0.16987
0.424298
0.0751792
0.461275
0.553265
-0.518731
0.0506701
-0.16036
-0.346037
0.203844
-0.756686
1.17508
0.62988
1.09745
0.304294
0.673817
0.336398
0.24834
-0.836772
-0.963622
-0.628503
-0.357503
-0.375966
-0.378389
0.949317
0.489153
-0.433948
0.542744
-0.215321
-0.241782
-1.16584
-0.229699
0.224061
1.57056
-0.651341
1.01609
0.944728
0.403082
-0.0394018
-0.768055
0.289332
0.188973
0.799871
0.56733
1.04734
-0.0503453
0.522762
0.960821
0.16001
-0.983285
-0.173014
-0.847967
-0.652145
-0.337637
0.355312
0.00312039
-0.103394
0.36681
-0.0943619
-0.0637312
0.00418487
-0.795686
-1.06239
-1.05413
-0.686715
0.16985
-0.0996388
0.706998
0.854591
0.696355
0.174998
-0.817099
-0.369011
-0.163485
0.0689054
-0.252956
-0.998846
-0.485227
-0.449553
-0.741608
0.161489
-0.552948
-0.836131
-0.944387
-0.0222216
-0.72701
0.703365
0.605298
-0.459726
-0.119241
0.158985
0.125758
-0.432674
0.725371
0.669369
0.624745
-0.496154
-0.513772
-0.76666
0.370393
-0.36418
-0.606486
-0.58806
0.618181
0.94836
-0.74374
2.2745
0.800622
-0.0429633
-0.421026
-0.0787395
1.26426
1.19594
1.50196
2.14157
2.01748
-0.0915012
-0.472542
-0.208168
-0.375109
0.0863924
-0.531721
-0.742662
-1.44759
-1.02646
-0.748195
-0.372151
1.00787
0.351432
-0.530512
-0.238545
0.534759
-0.178037
0.326693
-0.430446
-1.18212
-0.42603
-1.33066
-0.687662
-0.649451
-0.346119
-0.152496
0.634001
0.445669
-1.30249
-0.176931
0.484052
0.975869
0.386746
1.27311
1.53317
1.05298
0.386857
0.188177
0.262174
0.278032
0.0548238
0.44476
0.546142
0.81863
1.59412
0.469934
-0.0629376
-0.33692
-0.66314
-0.866
0.0729335
0.66069
0.932788
0.439422
0.511801
0.664948
-0.149565
0.026374
0.345493
-0.466191
-0.316041
0.338932
0.573548
0.76103
0.453001
1.3142
1.10401
0.00750676
-0.381295
0.156984
-0.26593
0.746376
-0.353927
-0.596069
-0.426976
-1.39393
-1.14522
-1.13441
0.00243395
-0.278456
0.514436
0.49218
-0.0451053
0.165962
0.266735
1.17901
1.18972
0.670079
-0.137838
0.394561
0.0110379
0.679008
-0.210602
0.831941
-0.751355
-0.709834
-0.954479
-0.259596
0.0216041
-0.504509
-0.765319
-0.913326
-0.363516
-0.179049
0.281
0.135229
0.0930286
0.600682
-0.763812
0.380685
0.425233
-0.394138
-0.277828
-0.194911
-0.610687
-0.235837
0.112392
-0.741935
-0.298739
-1.03227
-0.535479
0.434614
0.720849
-0.0141176
-0.497787
-1.29603
-1.16149
-1.13177
-0.574777
-0.0730242
0.451819
-0.139435
-0.690508
-0.400423
-0.396158
-0.371281
-0.150229
0.307351
-0.202608
0.950453
-0.505749
-0.577748
-1.41149
-0.891784
-1.35073
-1.50613
-0.31057
-0.132317
0.432144
0.526343
0.260787
1.24463
1.01037
0.141628
0.752387
0.24747
0.738098
0.975575
1.28584
1.4153
0.926627
0.453498
-0.610112
-0.498208
-0.383599
-1.36191
-0.891033
0.437226
1.01977
0.68429
-0.582197
0.746945
1.18693
0.541702
1.59844
0.732953
1.34017
0.86084
1.09014
0.0698056
-0.676245
0.568604
0.0136801
-0.106036
0.259129
1.39268
1.62215
0.377856
-0.0947412
-0.59174
-0.5669
0.00740791
0.383268
1.07813
0.70825
0.040921
-0.940139
-1.13565
-0.548366
0.176304
1.43696
1.7419
1.0049
0.489342
0.8609
0.0941096
0.898411
1.36514
0.392105
0.475425
-0.0194706
-0.146126
-0.671868
-0.9429
-0.517176
-0.463935
-0.401586
-0.39876
-0.476813
-0.0416871
1.00294
0.87533
-0.015735
0.114267
-0.246142
-0.908424
0.0375537
1.3216
1.32026
1.63602
-0.132471
-0.119995
-0.243534
-0.159249
-0.298568
-0.52606
0.161177
-0.428613
0.0850721
-0.522612
-1.12881
-0.517242
0.452994
0.871877
0.442261
0.226058
0.626811
-0.459303
0.0025747
-0.668452
1.21027
0.246928
0.121984
0.344249
0.805715
1.26263
1.22285
1.15968
1.20996
1.44365
-0.443427
0.455636
-0.624218
-1.41865
-0.897857
0.0251897
0.0461917
-0.437783
0.410135
0.121288
-0.287316
0.474305
0.802633
0.156996
0.152541
0.351643
-0.427766
-0.98471
-0.520151
-0.642987
0.860165
-0.266927
-0.35929
-0.131173
-0.385745
-0.331942
-0.58231
0.0205282
0.772662
0.311831
-0.691165
-0.131769
0.366259
0.243654
1.094
0.494389
-0.83617
-0.348327
-0.372911
-0.376993
1.85317
1.77811
0.240896
-0.397199
-0.209762
-0.223012
0.781502
0.29732
-0.129383
2.13961
-0.0140945
-0.235925
-0.328189
-0.131983
-0.942716
-0.505449
-0.667043
-0.986055
-0.148008
-0.339768
-0.355917
-0.290653
1.43024
-0.0343895
0.558685
-0.168019
0.0349025
0.149929
-1.4138
-0.425893
0.92502
-0.516515
0.617218
0.473958
0.31128
-0.48268
-0.222559
-0.0562363
-0.38903
-0.147168
0.521986
0.280776
1.25837
0.19712
0.344743
1.34954
1.6162
1.48765
0.77582
1.3742
-0.272981
-0.612195
-0.482264
0.726008
0.58071
1.19025
-0.309433
-0.193724
0.128444
-0.597173
-0.50047
-0.432461
0.187352
-1.09605
-1.19521
-1.2818
-1.79281
-1.34044
-0.64097
-1.50462
-0.272984
1.21454
1.44476
1.10023
-0.735984
-0.415705
0.16927
-0.687966
-0.681297
-0.227931
-0.430478
0.900226
0.947536
-0.0193251
1.3234
0.851586
0.354986
-0.850511
0.393488
0.514305
-0.708426
-0.00845125
-0.266286
-0.627497
-1.02114
-0.318026
0.111045
0.161874
-0.195705
-0.0437385
