0.221678
0.188859
-0.187384
-0.00292184
-0.736761
-0.101026
0.315137
0.211762
0.315291
0.123094
-0.409393
-0.777565
-1.10787
-1.4621
-1.2301
-1.29201
-0.0171387
-0.299891
-0.688941
-0.0950288
0.868014
1.36468
1.51642
0.502099
1.43381
1.10336
1.31848
1.20352
0.962083
1.00739
0.222857
-0.118896
0.27837
0.968884
0.628508
0.324932
0.893467
-0.376763
0.159307
0.352244
-0.210901
-0.00580746
-0.0661161
0.0241071
0.537273
0.760651
0.657184
0.168896
0.13919
0.170836
-1.27214
-1.45718
-1.14168
-1.43096
-1.77056
-1.68377
-1.81865
-1.61248
-1.51519
-1.01844
-0.818914
-0.264957
-0.0355396
-0.794181
-0.461149
-0.734117
-0.671256
-0.639955
-0.592181
-0.240515
0.706786
1.41805
1.08203
0.735563
0.942532
1.06744
1.84565
1.4081
1.01551
0.663326
-0.480908
0.171546
-0.228498
0.984123
1.13536
0.273563
-0.107332
-0.209609
-0.728304
-0.541049
-0.231326
-0.275262
-0.95096
-0.518494
-1.1149
-0.506504
-0.26109
0.104684
0.388542
0.19316
0.233133
0.206134
0.176515
0.343094
-0.15608
0.0267777
-0.300217
-0.0856898
-0.521042
0.332479
-0.0124467
0.211651
0.11883
-0.54635
-0.0132475
0.443565
1.067
0.38732
0.396569
0.309256
-0.281964
0.645775
0.398048
-0.0806058
-0.324832
-0.6754
-1.28923
-1.64361
-0.939694
-0.452663
-0.374202
-0.682962
-1.21315
-1.77514
-0.934596
-0.851492
-1.16034
-1.30523
-0.57041
0.135115
-1.63575
-0.893327
-0.852428
0.0926234
0.0700039
-0.129568
-0.233256
-0.321085
-0.593974
-0.93535
0.941666
0.60688
0.822531
0.457447
0.465973
0.415153
0.0330293
-0.263685
1.07159
0.768552
-0.544815
-0.804227
-0.399985
-0.54713
-0.986348
-0.590281
-0.385262
0.0217297
-0.0216972
-0.888295
-0.215068
0.0244564
0.0556865
0.455244
0.878017
0.70493
0.824888
-0.0373983
-0.268493
-0.101211
0.123192
-0.170012
-0.986304
-1.01431
-0.903111
0.24125
-0.00831142
0.0436926
0.179576
0.46188
-0.164039
-0.304383
-0.469414
-0.104042
0.00728168
0.149842
0.697636
-0.0578489
-0.354323
-0.687148
0.907258
1.41896
1.33524
0.811208
0.027482
-0.126884
-0.109597
0.0460583
-0.256683
0.0973919
-0.356014
-1.16839
-0.790682
-0.796772
-0.0798588
0.411823
0.110782
0.457682
0.0953378
-0.0477426
0.768291
0.808619
0.907428
0.641705
0.832148
1.08082
-0.0167507
0.104423
-0.0632336
0.905309
0.487619
0.236732
-0.0118113
-0.122856
0.064096
0.887891
1.55184
1.13656
0.35948
0.238836
-0.0730826
-0.802179
-0.823904
-0.309752
-0.77928
-0.195386
0.333814
-0.356109
-0.115469
-0.189153
-0.0335653
0.125583
0.0538606
-0.511415
-0.483883
-0.315179
-0.0752147
-0.51981
-0.726629
-0.107813
-0.829216
-1.06095
0.0903789
0.839443
0.703342
0.382897
0.261619
-0.320256
-0.403262
-1.23777
-1.40807
-1.41397
-1.01968
-1.25563
-1.03378
-0.335334
-0.942252
-0.881202
-1.63193
-2.04974
-1.00462
-0.198878
-0.360076
-0.631172
-0.0992011
0.581212
0.489608
0.0907748
-1.01942
-1.01149
-0.559147
-0.274931
-0.226249
0.240007
0.412493
-0.297659
-0.195935
0.324634
-0.131009
-0.245509
-0.417369
-0.571497
-0.274228
0.199007
0.151506
0.478316
-0.0119435
0.150832
0.315595
0.306598
-1.06165
-0.751751
-0.686024
-0.671433
-0.719101
-1.11044
-0.869623
-1.08904
-1.16872
-1.25674
-0.429801
-0.00893724
-0.302173
-0.0734113
0.291319
0.148865
0.0948475
-0.224139
0.0804026
0.351354
0.81539
0.761588
0.331853
0.0313985
0.483148
1.13687
1.14929
1.15553
1.1112
0.601337
0.82053
1.36059
0.838266
0.199435
0.054405
-0.287949
0.0410053
-0.0132758
0.69542
0.707358
1.1276
1.03914
0.893276
1.36336
0.953491
0.698644
0.448849
0.979718
1.17651
1.15125
0.0508085
0.423153
0.519624
-0.106528
0.604181
1.2538
1.18291
1.29901
0.443939
0.187296
-0.972711
-0.395638
-0.31023
-0.629521
-0.442876
-0.278032
-1.06089
-0.168394
-0.493562
-0.475711
-1.86503
-1.20147
-1.18741
-0.866652
-0.751134
-0.306217
0.130585
-0.29366
-0.47551
-0.732018
0.425363
1.12931
1.48515
1.71976
1.59349
1.58172
2.09703
1.19735
0.90312
0.686113
-0.654322
-1.07669
-0.594293
-0.763415
-1.63652
-1.406
-0.543625
-0.0440768
0.124209
-0.0148248
0.22856
-0.116356
-0.248727
-0.0631786
0.546519
0.128793
0.341439
0.120174
-0.376027
-0.168762
-0.630899
-0.310082
0.00044145
0.00379372
0.0394022
-0.275934
-0.246585
-0.50367
-0.3884
-0.171038
0.635419
0.209183
0.328282
-0.208885
-0.358658
0.0229158
-0.0402763
0.460158
0.68511
0.407423
-0.00783497
-0.0180167
0.0398929
0.117344
0.711772
0.568034
0.245386
0.496511
0.500054
1.09461
-0.0627041
-0.0840896
0.511687
0.173303
0.479025
0.0918015
0.2849
0.274357
0.457317
0.312773
0.363149
0.773934
0.309059
0.00424346
-0.115308
0.319712
0.731748
0.710408
0.610931
0.605118
0.0893252
0.423304
0.961293
0.896952
0.191814
0.273046
0.415563
0.361114
-0.210125
-0.101333
-1.6384
-2.11174
-1.43071
-1.11869
-1.89371
-2.61032
-2.32093
-1.51678
-1.89065
-1.87205
0.0911355
0.557565
0.164063
0.472309
-0.111829
0.305504
0.429248
0.396582
0.175403
0.210019
1.62274
1.25803
0.943569
0.42014
0.64939
1.28944
0.550878
1.15398
1.39562
1.25913
0.359859
-0.208404
0.524964
0.734131
1.05063
0.59187
0.852664
0.455046
0.678275
0.502614
-0.152843
-0.150193
0.129815
0.0562631
-0.087644
-0.0487566
-0.0158316
0.679766
0.537271
0.156889
1.12857
0.623467
0.984522
1.0915
0.569865
0.567807
0.772897
1.06857
0.678098
0.843245
0.119753
0.117431
0.793179
-0.212468
0.435921
-0.158118
-0.354922
-0.194768
-0.019554
0.0155884
0.237753
0.151539
-0.545849
-0.0896538
0.176793
0.450287
0.576452
0.375615
0.132742
0.492051
-0.0669388
-0.467268
-0.197331
-0.874563
-1.02677
-0.554181
-0.613915
-0.728161
-0.23749
-0.334352
-0.646452
-0.970859
-1.83431
-1.32091
-1.1223
-1.89341
-2.06359
-2.763
-1.67256
-0.936271
-0.171669
0.236766
-0.40791
0.0452418
-0.353459
0.0813212
-0.938116
-0.924355
-0.460756
-0.382887
-0.310781
-0.408396
-0.109864
-0.365162
-0.46711
0.192771
0.855748
-0.0730099
0.32094
-0.0309561
0.86469
0.970236
0.7586
0.478488
0.934172
0.674142
1.07297
1.08432
0.531297
0.65788
-0.0768391
-0.275452
-1.00191
-0.743708
-0.388616
-0.0645139
-0.124245
0.75235
1.36278
0.966126
0.889688
-0.25074
0.833502
1.04489
1.10763
1.11234
1.08713
1.34115
1.17456
0.592944
-1.62123
-1.68163
-0.816625
-0.077201
-0.334357
-0.960848
-1.49139
-1.78688
-1.77267
-2.53249
0.739609
0.951768
0.510054
0.519368
-0.169435
-0.208146
-0.0318963
-0.0795639
0.372253
0.0286959
0.898159
1.25503
1.30809
1.01927
0.172579
0.438375
0.379617
0.722125
0.43545
0.711443
-0.625407
-0.3153
0.0489105
0.539276
0.107468
0.137947
-0.11603
-0.973041
-0.791415
-1.46671
-0.0408563
-0.116074
0.171421
0.260966
-0.126445
-0.0369076
-0.15934
-0.289022
-0.925605
-0.205051
0.5056
-0.167673
0.427121
0.188129
1.30727
1.38043
1.07848
1.22049
1.09777
0.506662
-0.800121
-0.654058
0.247994
-0.013581
0.299361
0.25549
-0.00736545
-0.396127
-0.53013
-0.0655034
-0.0436531
-0.699244
-0.013164
-0.0520704
0.560889
0.428236
0.0343386
0.100405
-0.127494
0.218059
-0.912657
0.0613355
-0.0631342
0.462849
0.180335
-0.217202
-0.118591
0.078585
-0.239726
-0.636326
0.905021
0.928886
0.41091
0.0851452
0.104622
0.189333
0.72517
0.532607
0.88198
0.376147
0.420694
0.699355
0.870688
0.540174
0.764357
0.982951
1.59825
1.50818
1.62174
1.32469
0.138698
0.942454
1.77736
1.8406
1.1679
-0.0144606
-0.531609
-0.429574
-0.297375
-0.321288
-0.639699
-0.206628
-0.401977
-1.17954
-0.583898
-0.228744
-0.584012
-0.767169
-0.837475
-0.349017
-0.894235
-1.09069
-0.932979
-1.26097
-1.08542
-1.07294
-1.3458
-1.25435
-0.911234
-0.679121
-0.117139
0.468305
-0.0638899
0.0532577
-0.0549486
-0.753675
-0.826248
0.0203992
0.621593
0.43511
-0.0639033
-0.245868
-0.955236
-0.794021
-0.19136
-0.08657
0.381376
0.441249
0.633062
0.399185
0.624865
1.14997
1.02909
0.685088
0.0892085
0.482206
0.30176
-0.196036
-0.599774
0.550051
-0.811865
-0.434561
-0.37255
-0.428979
-0.158547
-0.387739
0.00496106
0.287379
0.984039
0.292741
1.19006
1.56911
1.5692
0.809003
0.940011
0.551844
0.0233903
-0.326682
0.427325
1.09294
0.364634
0.767706
0.967121
1.3355
0.918261
0.343469
0.024356
-0.07191
0.267264
0.234416
0.0885947
0.331233
0.062906
-0.159988
0.758699
0.278495
0.552543
0.219055
0.520744
0.526264
-0.921374
-0.911587
-0.680311
-0.425083
-0.259256
-0.215651
0.485482
0.0206181
-0.102493
-0.584091
1.07266
1.0409
1.43449
1.26107
1.26171
0.759869
1.01287
0.354685
0.640313
0.73077
0.398605
0.380229
-0.163521
-0.435317
-0.142429
0.266752
0.873573
0.874435
1.00676
0.572247
-1.98372
-1.96506
-1.21486
-1.82794
-1.80287
-1.87215
-1.65134
-1.67097
-1.71563
-1.96704
-2.15744
-2.10481
-1.69011
-0.834168
-0.72019
-0.958983
-1.71671
-1.44449
-1.4894
-1.98586
-0.969695
-0.475965
-0.223183
-0.939583
-1.4166
-1.38799
-1.02841
-1.42796
-2.14924
-1.10576
-1.55078
-0.965908
-1.18382
-1.11234
-1.21444
-1.54228
-1.73884
-1.79211
-1.37691
-0.619327
0.0578336
-0.143303
-0.148741
0.00694326
-0.274137
-0.878201
0.13375
0.163211
0.0734663
-0.0158343
-0.97067
-0.351089
-0.455991
-0.0218079
0.47681
0.220372
0.34413
-0.109639
-0.279746
-0.903631
-0.582024
-0.719849
-0.665858
-0.555281
-0.505262
-0.0771876
-0.732402
-0.460802
-0.374955
-0.770746
0.47241
0.911391
0.406065
0.480367
0.224472
0.144462
-0.199586
0.140348
0.415809
0.283381
-0.842378
-0.634795
-1.05117
-0.846084
-0.591665
-0.350019
0.309428
0.0211846
-0.894611
-0.931093
0.504125
0.325863
0.262364
0.0719901
0.0993406
-0.376401
-0.179247
0.00527482
0.138007
0.0759012
-0.125601
0.48651
0.484721
-0.0539367
-0.082321
0.0389349
0.877692
0.915228
1.27614
1.03888
-1.34145
-1.2104
-0.482416
-0.674742
-0.759646
-0.655556
-0.403585
-0.440445
-0.606492
-1.1628
0.0395162
-0.290354
-0.147865
-0.278853
-0.45338
-0.33429
0.0597077
0.246374
0.0836704
0.472707
