-1.05677
0.0078952
-0.204419
-0.694263
-1.43524
0.184918
-0.1179
-0.493864
-0.799453
-1.14631
-0.798699
-0.729228
-0.707365
-0.725288
0.399698
-0.715563
-0.799816
-0.78465
0.218371
0.428946
-0.447258
-0.588097
-0.258739
-0.413403
-0.897348
-0.0987011
-0.384865
-0.659534
-0.806842
-0.356747
-1.9111
-1.75866
-1.51198
-1.9193
-1.76188
-0.528052
0.22825
-1.07435
-0.899912
-1.78225
-0.0331418
0.234304
-0.122081
1.43686
1.45225
0.913242
0.923168
0.405188
0.567543
0.491984
-1.0155
-1.22858
-0.644403
-0.115006
0.109398
0.0725009
-0.884951
-0.8097
-1.84897
-1.42438
1.72469
1.39835
1.33317
1.22019
0.406725
0.728709
0.108896
-0.300821
-0.070254
0.449278
0.408399
-0.0849108
-0.24215
0.342513
0.218224
-0.347017
-0.662603
-0.110812
0.624841
0.536552
-0.206573
-0.134459
0.627256
0.231707
0.373246
0.887862
1.5024
0.480723
0.335952
0.453568
0.258283
0.385853
0.259262
0.194346
0.21812
0.185912
0.322426
0.667839
1.14209
0.661244
0.103012
-0.510321
-0.578825
0.144344
0.552632
0.581767
1.39307
0.641866
-0.588024
-0.677532
0.619969
0.74771
0.313855
0.903304
0.65808
1.05156
1.31088
1.84515
1.28097
0.389302
-0.433944
-0.058344
-0.37511
-0.690322
-0.589344
-0.021678
-1.10104
-0.068339
0.122804
0.00186649
0.155969
-1.17965
-1.28488
-1.15649
-1.00888
-0.166077
-0.175811
-0.0929542
0.0215076
-0.0800986
0.563813
0.722265
0.890426
0.196489
0.332976
0.0427671
-0.702721
-0.0778963
-0.0662227
0.0373745
-0.776706
1.01286
0.696468
-0.166554
0.926562
1.07612
-0.2157
0.606692
0.109957
-0.581335
0.0198568
0.123198
0.392592
0.584818
0.105271
0.716995
-0.237941
-1.14964
-1.50334
-0.537445
0.300466
0.149983
-0.0144947
-1.06152
-1.30817
-1.4222
-0.959358
-0.886737
-0.823651
-0.053835
-0.201186
0.0951553
-0.729732
-0.675789
-0.508572
-1.13569
-1.16941
-0.812628
-0.308469
-0.0936058
-0.516583
0.241639
0.970284
0.522428
0.280987
-0.558235
-0.760681
0.426073
0.428093
0.312066
0.431039
0.572692
0.246437
0.374655
0.558228
-0.481509
-0.800748
-0.556333
-0.00131433
-0.42516
-1.68159
-1.00134
-0.667043
0.00592349
-0.40675
0.317447
-0.606806
-0.373789
-0.627861
-0.963794
-1.74254
-1.06065
-1.11714
-2.04464
-1.83578
-0.927654
-1.00995
-0.836923
-1.26433
-1.3785
-0.880598
-0.966439
-0.901794
-0.500377
0.147621
0.102598
-0.908315
-0.337047
0.212846
-0.266979
0.481426
0.510148
0.199821
-0.574341
-0.669206
-0.633339
-0.3192
-0.450835
-0.247117
0.508583
-0.641059
-1.09983
-0.0764294
-0.218154
-0.0171162
0.891366
1.20296
1.04504
0.576941
0.697141
1.35902
1.56575
1.18601
1.49916
1.9737
1.83278
1.45819
0.834906
0.76191
0.682731
0.489477
0.639737
-0.0958209
0.115181
0.21781
0.0893418
0.0792892
1.14416
1.21722
1.02856
-1.09148
-0.396489
1.20374
1.04405
1.06767
1.72472
0.887104
0.514201
-0.914097
-1.31027
1.07612
0.48939
0.0492467
-0.902639
-0.976855
-0.389483
-0.723211
-0.400569
0.259957
0.648208
-0.25772
-0.960736
-1.05807
-0.561862
-1.05434
-1.20241
-0.934201
-1.87527
-0.577882
-1.13492
-0.47065
0.28542
-0.244848
0.429892
1.28692
1.66773
1.21491
0.783585
0.369665
-0.703771
0.520373
0.098942
0.208594
-0.192971
0.479012
1.04162
1.31453
0.373027
0.467071
0.292799
-1.19335
-0.996698
-1.09042
-0.902797
-0.727804
-0.654675
0.111228
1.11384
0.19983
-0.4883
-0.121024
0.740982
0.278258
0.396539
0.123093
0.0893208
0.146581
-0.446231
-0.0283727
-0.185701
-0.620785
0.11432
-0.696773
-1.01305
-0.124775
0.14098
-0.111152
0.293435
-0.0934886
-0.853524
0.256691
0.654318
0.339897
-0.0238723
-0.0491881
-0.137538
-0.56912
-0.919244
-0.833236
-0.235768
0.290238
-0.106606
0.268554
0.606534
0.483239
0.408691
0.219584
-0.00147304
0.0732076
0.0478695
-0.295846
0.48955
1.0429
0.919232
0.656079
1.06411
0.765655
0.306056
-0.346646
-1.20545
0.967136
0.193137
-0.130843
0.428169
1.136
-0.269148
0.337282
0.598331
0.197636
-0.125992
0.37327
0.351419
0.146743
-0.19034
0.686407
1.09183
0.123199
-0.333515
0.296887
0.335489
-0.406713
0.140829
-0.487603
-0.449807
-0.631838
-0.0285798
-0.26894
0.12559
0.111514
0.0604798
-0.871037
-1.5801
-0.693821
-0.289681
0.418456
0.148163
0.634187
-0.183749
-0.379673
-0.308705
-0.226931
-0.224581
0.193419
-1.0974
-1.06449
-1.23805
-0.296068
0.397043
0.252494
-0.469027
-0.790338
-0.939922
-1.10373
-0.960836
-0.507317
-0.128377
0.327616
0.218135
-0.0596766
0.0561451
0.903183
1.13854
1.21068
0.961097
0.14174
-0.366406
0.0268465
1.20086
1.17969
1.31898
-0.539135
0.0606694
-0.884855
-0.531169
-0.268857
-0.348021
0.418572
0.386648
0.458763
-0.936745
0.308961
0.472438
0.0135113
-0.49092
0.151088
1.13736
0.0831573
0.387624
-0.0222775
0.100816
-0.588801
-0.388776
-1.31706
-0.382105
0.0299944
0.166436
0.136997
0.123055
-0.300517
-0.851655
-0.0205
0.333502
-0.672929
-1.47661
-0.824322
-0.749252
-0.268457
-0.235977
-0.161783
0.362096
-0.0146066
-0.340978
0.0251945
0.108599
-0.552951
0.0061892
-0.652514
-1.06733
-0.887365
-0.154292
1.36365
0.722542
0.690586
0.723276
0.471096
0.415767
1.21514
0.345021
0.391561
1.14143
-0.635926
-0.289304
-0.122375
0.415902
0.652944
-0.227507
0.302285
0.715572
-0.183019
-0.2731
-0.482708
0.0301359
0.363422
0.673634
0.45585
0.643005
-0.0322944
-0.317324
-0.885243
-0.15583
-0.15507
0.572608
1.13354
0.830488
0.629978
0.0208073
0.405405
-0.24386
-0.592889
-1.19716
-1.50892
-1.42574
-0.421475
-1.29594
-1.43126
-1.4674
-1.57837
-1.33336
-1.40126
-1.95228
0.573381
0.686336
0.376846
-0.210877
0.458377
0.330053
-0.64377
-0.181338
0.655397
0.558407
-0.0914922
-0.686256
-0.584378
-0.173504
0.0399693
-0.203122
-0.413478
-0.756231
-1.09836
-0.356176
0.0861306
-0.968583
-1.08918
-0.737328
-0.442302
-1.28665
-0.979188
-1.12053
-1.07388
-1.05156
-1.8124
-1.90559
-1.48159
-0.982634
-0.791529
-1.06754
-0.927701
-1.158
-1.36762
-2.06007
-0.318867
-0.947261
-0.486204
-0.980676
-0.134255
0.04631
0.629131
-0.13086
-0.668794
0.266674
0.486481
0.152836
-0.385771
0.394334
0.538168
-0.370873
0.988593
0.210561
0.502742
0.0867391
-0.0786472
0.508872
0.17084
1.0916
0.499463
0.514869
0.69792
0.580892
0.727281
0.594897
0.0868998
-0.803491
-0.951024
0.226861
-0.285996
-0.0980185
0.101635
-0.261223
-0.260691
-0.410273
-0.344821
-0.0186077
-0.779779
-0.15283
-0.563675
-0.477228
-0.207335
0.114638
0.253957
-0.19823
-0.355601
-0.306137
0.221751
0.131581
0.454788
0.537802
0.486734
0.342825
0.159198
0.208029
0.36674
-0.0378024
0.518278
0.524978
0.128578
-0.652901
-0.0577162
0.0787654
0.403622
1.11542
0.139198
-0.55759
0.191561
0.0862709
-0.749107
-1.29192
-0.836988
-0.639075
-1.1019
0.0429109
0.638977
0.375376
0.746337
0.664651
0.448241
0.523096
0.171938
-0.0357612
-0.320701
1.3715
-0.501472
-0.469036
-1.1817
-1.19556
-0.437291
-0.54519
-0.32633
-0.917674
-0.102111
0.255652
-0.102437
0.242273
0.694254
0.703735
-0.433314
0.243618
0.686914
0.223792
1.21816
0.929525
-0.806159
-0.47542
-0.641119
-0.595153
-1.09655
-0.381035
-0.0454426
0.0960298
-0.67718
-0.89818
-0.59186
-0.294772
-0.231282
0.090275
0.795762
0.169116
-0.781594
-1.0241
-0.633568
-0.49213
-0.505065
0.271111
0.811893
-0.147689
0.230871
0.593065
1.0434
0.842799
0.20558
-0.0680001
0.593171
0.680593
0.0483832
0.125514
-0.276944
0.125447
1.1035
1.02931
0.841487
0.461293
0.375939
0.138008
0.722772
-0.0973916
-0.314933
0.256793
0.433442
0.436806
0.75966
0.382074
0.637742
-0.291047
0.0654584
0.0283827
0.257927
0.80836
1.31032
0.999253
1.45432
1.68696
-0.558442
-0.68391
-0.581118
0.111946
0.127035
-0.899577
-0.326897
-0.00739364
-0.128388
-0.0717774
-0.375113
0.350501
0.284486
0.181687
0.416612
0.128411
-0.941755
-0.395991
-0.116233
-0.138414
-0.228099
-0.052719
-0.645186
-0.841613
-0.572381
-0.803419
-0.769722
-0.434297
0.77159
0.317563
-2.03947
-0.509261
0.171268
-0.907019
-1.05804
-0.965152
-0.869625
-1.39744
-1.96837
-1.76015
-0.603455
0.240477
0.0470835
0.193765
0.100031
1.51788
1.09568
0.674817
0.0193822
0.0197462
-1.18135
-0.682494
-0.477331
-0.734245
-0.165368
0.443707
0.0847003
0.431233
0.178294
-0.956694
-0.942626
-0.833294
-0.186634
-0.294458
-0.570656
-0.0837712
0.199615
0.704843
-0.163954
-0.0922333
-1.32512
-0.996542
-1.01417
-1.0177
-1.33401
-1.74594
-1.41958
-0.185267
-0.655234
-0.336093
0.50204
0.463724
0.126854
0.095867
-0.466231
-1.08093
-0.090073
1.16297
0.342627
0.444646
0.694029
0.148261
0.294577
0.973067
0.63205
-0.88323
-0.630896
0.368111
-0.392666
0.091365
-0.32569
-0.62227
-0.0879408
-0.458322
0.0328985
-0.516054
-0.160183
-0.321892
-0.743369
-0.604409
-0.265768
0.556249
-0.438169
-0.77311
-1.14723
-0.122077
0.482423
0.736679
-0.454061
-0.765035
-0.308202
0.071766
0.871935
1.09628
0.576601
0.337691
-0.0186458
-0.125138
-0.72771
0.0993692
-0.618037
-0.221489
0.594406
-0.144359
-0.429531
0.0109976
-0.583521
-1.08535
-0.361162
-0.582562
1.17679
0.877716
0.78268
0.917052
0.872845
1.19651
0.802236
0.138243
0.627404
1.15328
0.679663
0.492455
0.723844
0.425028
0.693585
1.53659
1.13303
1.14207
0.333737
0.124804
-0.109649
0.80113
0.986738
0.396384
0.158566
-0.834551
-0.328915
-0.449055
-0.197852
-0.143256
-0.681103
-0.386894
0.0345292
0.789107
0.283329
0.133119
0.0316937
-0.429219
-0.608913
-0.549076
2.30506
2.44187
1.35741
1.12691
0.80301
0.24238
-0.023969
0.753402
1.28732
1.46282
0.122967
0.801818
1.28269
1.07117
0.554326
0.481013
0.597693
0.98183
0.90464
0.254911
-1.42668
-1.42157
-0.895719
-0.69265
-0.512344
-0.345047
0.114206
-0.717381
-0.594427
-1.13512
0.276868
-0.200145
-0.536383
-0.338981
-0.376405
-1.23688
-1.20109
-0.943767
0.0850308
0.478848
0.308072
0.541772
0.226202
-0.432814
-0.630558
0.0653661
-0.626008
0.10197
-0.603802
-0.563805
