0.307958
0.0607464
-0.240453
0.564747
0.825594
0.697175
0.18435
-0.0920578
0.541979
0.950149
1.19352
0.917031
0.768267
0.559586
0.22083
0.641028
0.607698
0.0101428
0.403241
0.500745
0.101952
-0.034799
0.23075
0.312142
0.500513
0.526223
0.23878
-0.264243
-0.381529
-0.701758
-0.236546
-0.435794
-0.648013
-0.365776
-0.397995
-0.0191212
-0.129463
0.431541
0.777887
0.32402
-1.34298
-1.535
-0.921736
-1.02547
-1.11026
-0.0246589
-0.196223
-0.807101
-0.945565
-0.322819
0.199967
-0.476029
-0.545817
-1.34663
-0.698567
0.442861
0.117885
-0.0239537
0.134424
0.535454
0.105842
0.839129
-0.226178
0.707178
0.53534
-0.593334
-0.0702259
-0.181395
-0.0814104
-0.984457
-1.07122
-0.0714862
0.44794
0.34303
0.585963
-0.126779
-0.534187
-0.808683
-0.943248
-1.07552
0.898556
1.09768
0.474044
-0.127146
0.537959
1.26865
1.20888
0.183535
0.427911
0.684699
-0.301715
-0.604264
0.472415
0.108712
0.46872
-0.740339
-0.773685
-0.156503
0.000996549
-0.416993
0.463375
0.529063
0.0196704
0.520701
0.493106
0.461909
0.455824
-0.544252
-0.495024
0.145161
0.852724
0.754611
0.568748
0.10249
-0.365699
-0.665006
0.0922264
1.03019
0.294275
1.29891
-0.150056
0.373362
0.152714
0.768352
1.22103
0.420677
0.258362
0.10362
0.391367
-0.473736
1.1268
0.386909
0.944492
1.29276
1.20206
1.08047
1.01644
1.05872
1.2155
2.02155
-0.176866
0.235436
0.102313
0.412408
0.938131
1.43981
1.32107
0.529237
0.427462
0.282759
-0.804615
-0.486401
0.464686
-1.32004
-1.71012
-0.995377
0.228716
0.416932
-0.69422
-0.727672
0.172485
0.882054
-0.687672
-0.458477
-1.06512
-1.63405
0.176253
-0.516649
-0.131507
0.582381
-0.098127
0.042182
0.61988
1.6627
1.68071
0.575678
0.749814
-0.672856
0.0402921
0.469708
-0.282053
-0.324775
-0.0962805
0.672817
0.460041
1.2804
1.66689
1.33151
0.85229
0.0681182
0.237272
-0.0325328
0.0569263
-0.283934
0.357862
-0.118309
-0.56997
0.0829349
-0.195938
0.17404
-0.805411
-1.36175
-1.11737
-0.676465
-0.545331
0.23911
-0.181054
-0.601653
-1.23994
-0.409336
0.790306
0.349999
1.30242
0.0879083
1.39829
1.23626
0.798948
-0.093901
-0.14508
0.184552
0.953322
1.31325
1.70953
0.939987
0.551587
0.614634
0.0670458
0.265446
0.680799
0.818691
0.0498198
0.139377
0.210999
0.514937
0.962985
0.925738
0.588667
1.36571
0.36868
0.424107
-0.0519167
-0.656441
-1.36747
-0.377766
-0.443321
-0.510487
-0.289109
0.293199
0.330747
-0.289973
0.180808
0.0581556
-0.772937
-0.537077
0.211839
0.276899
1.13904
0.0655778
0.0517451
-0.128975
-0.72302
-0.984532
0.606682
0.902438
0.639734
-0.268793
-0.60535
-0.0309874
0.314745
0.243725
0.473303
0.278145
0.791396
-0.23182
-0.837765
-0.518593
-1.27162
-0.605556
-0.0680832
0.0120939
-0.374292
-0.272908
-0.182227
-0.07334
-1.34775
-0.705552
-0.398631
-0.419461
-0.441536
-0.417972
0.551909
-0.088522
0.694328
0.366057
0.723662
-0.903896
-0.585294
0.203719
-0.639359
0.283052
0.49202
0.924468
1.51859
1.41611
0.794437
0.228471
0.966265
-0.0206908
0.190571
-0.120616
-0.685092
-0.755723
-0.61912
-0.310988
0.117669
0.239201
-0.185038
-0.310989
-0.495834
-0.51458
-1.72212
-1.0665
-1.28443
-1.21331
-0.968998
-0.933758
-0.44536
-0.926116
-0.862305
-1.42177
0.882241
0.0117215
0.426419
-0.54605
0.0736027
0.527098
0.684644
1.08346
0.564965
0.932088
0.315428
-0.178468
-0.694033
-1.07086
-0.550805
-0.424191
0.0689904
0.591801
0.0846255
-0.205369
-0.164548
0.0264448
-0.156486
-0.00505614
0.248288
0.309771
0.849924
0.801432
0.409193
0.347165
0.432125
0.967181
0.789394
0.684838
0.995788
1.23367
-0.14277
1.04597
1.33926
0.710632
-0.0495493
0.293162
-1.00182
-1.11451
-0.434268
0.455556
0.2135
0.0906265
0.884159
0.271118
-0.668114
-0.860812
0.289483
0.0113465
-0.917361
-0.683405
-0.404888
-0.0818692
-0.160584
0.121902
1.22521
1.59237
1.1642
1.08339
0.269524
0.0264432
0.967836
0.338973
0.233505
0.714601
-0.366889
-0.0698459
-0.529724
0.355421
0.737667
0.576366
-0.544927
-0.303556
0.0998611
0.323334
-0.452784
0.176044
0.702701
-0.149346
-0.477311
-0.193263
-0.348886
-0.250158
-0.970453
-0.65658
-0.119061
1.14949
1.38678
0.601991
0.0578184
-0.553023
0.626558
0.485208
0.400268
0.736824
0.226758
-0.559384
-0.540908
-0.721498
-0.419171
0.00591106
-0.643869
-0.359086
0.528736
-0.0624296
-0.682641
-0.637224
-0.449603
-0.323941
-0.0970336
0.477891
-0.352853
-0.433205
0.418815
-0.307902
-0.23152
-1.04427
-2.01499
-1.36416
-0.996346
-0.559075
-0.292699
-0.0883269
0.138552
-0.571262
-1.65489
-1.16479
-0.157286
0.0643798
-0.987356
-0.883547
-0.988989
-0.976767
-0.668742
-1.08171
-1.28902
-1.26319
-0.598119
-0.97055
-1.11313
-0.483475
-0.397779
-1.05992
-1.08805
-1.02745
0.886916
-0.154697
-0.457881
0.117347
-0.315694
-0.775473
-0.344986
-0.0561678
0.413461
0.410415
-0.928539
0.0398262
0.00476733
-0.0466847
0.285834
-0.00977997
-0.112777
-0.426382
-0.62126
-1.07599
0.13632
-0.429296
0.670993
0.72223
1.06251
0.601383
0.799108
0.757615
1.29631
0.542754
0.641262
1.87857
0.0148923
0.0641063
0.501808
-0.600215
-0.243927
-0.389286
-0.497817
0.292995
0.141222
0.55047
-0.013535
0.101144
0.551254
0.495067
-0.0506255
-0.120703
-0.453401
0.145126
-0.809418
-0.774408
-1.12177
-1.40296
-1.73083
-1.63496
-1.77256
-1.34414
-1.52449
-1.75793
0.364899
-0.0173395
-0.330899
-1.37491
-1.04173
-0.786098
-0.463926
-1.07287
-0.994773
0.196194
-1.17307
-0.846062
-0.522699
-0.922413
-1.29621
-1.06306
-0.514564
-1.18364
-0.809217
-0.953552
1.44561
1.36996
-0.379601
0.74202
-0.0639873
-0.117781
0.805733
0.181908
0.237686
-0.48337
-0.0662028
0.822512
0.425191
0.613055
1.60838
0.49589
0.594831
1.00422
0.0440481
0.803999
0.833234
1.12661
-0.435167
-0.29371
-0.782675
0.0493191
0.330896
-0.045041
-0.469034
0.448112
-0.356162
0.401222
-0.137322
0.187585
0.00267635
-0.84477
-1.13923
-1.55841
-1.28869
-0.633423
-0.852878
-0.762619
-0.375049
-0.545805
-0.729369
-1.27303
0.0603889
-0.0925811
-0.225489
-0.503222
-0.402529
-0.602326
0.601812
-0.289536
-0.413658
-0.35144
-0.247368
0.287855
0.39568
0.0969113
0.839806
0.276668
1.05862
-0.247316
0.518242
0.59354
0.340454
-0.33688
0.339883
0.607114
-0.602291
-0.118678
0.236348
0.693271
0.55058
0.343656
-0.208158
-0.470045
-0.140853
-0.167012
1.33959
1.12851
0.395762
0.440731
-0.567379
-0.161044
-0.342966
-0.459815
-0.447657
-0.0482113
0.787706
1.9393
1.71816
1.4914
1.8904
1.75242
1.49177
1.19008
1.52885
1.47473
-0.381255
-0.47657
-0.980172
-0.444776
-0.152752
0.364298
-0.263938
0.370793
-0.466309
-0.347437
-0.349903
-0.314815
0.267737
-0.139735
-0.482556
-0.346437
-0.0107904
0.02717
-0.594195
-0.272722
-0.813962
-0.734601
-0.297475
0.528461
0.394893
0.661217
1.07411
1.02916
0.962472
0.493603
0.886622
-0.134425
-0.740369
-0.13971
-0.170092
-0.0215165
0.524411
0.414888
0.633632
0.524132
0.794646
0.855318
1.06117
0.672927
-0.00560991
-0.466929
-0.18908
0.30605
-0.0605444
0.115223
-0.0330149
-0.390803
-0.252608
-0.748813
0.844511
0.904328
1.06984
0.28233
0.132285
-0.842025
0.0151738
-0.45603
0.814305
1.54569
1.90361
1.20783
1.08397
0.689154
-0.288395
-0.666029
0.701888
0.272108
-0.216685
0.0318383
0.0776301
0.0218228
0.702747
0.988431
0.435339
0.525812
-0.0703048
-0.86279
-0.880861
-0.80539
-0.0858589
0.670464
0.28736
-0.336659
-0.321266
-0.145723
-1.7747
-1.59873
-1.30324
-1.31289
-1.18606
-0.976535
-0.142886
-0.770991
-0.691429
-1.02042
-0.372173
0.246406
1.0155
0.042788
0.0966837
1.06594
0.709935
-0.0573862
0.000415699
-0.0300164
0.885123
0.572209
1.08819
-0.267078
0.551984
1.17208
1.69708
2.70582
1.57349
1.42334
0.422441
0.699226
-0.0913445
0.324629
-0.588572
0.263123
0.470783
1.31926
1.49703
0.469859
-0.178307
-0.0192396
0.501887
0.52899
0.196851
0.259091
-0.442734
-0.703666
-0.802648
-0.319008
-1.11062
-0.267284
0.770681
-0.361042
0.168329
-0.610975
-0.11275
-0.817871
-0.904584
-0.656385
0.35045
-0.369088
-0.635104
-1.01763
-0.399522
-0.168767
-0.436856
-0.934899
0.179061
0.728664
-1.37747
-0.776412
-0.188953
0.101701
1.26352
0.423873
0.336567
-0.238241
-0.880204
-0.569171
0.638204
0.805471
0.0588749
0.191577
1.13065
1.68875
1.37199
1.4726
0.708582
0.613182
0.58797
0.839633
1.18093
-0.0191307
0.504961
-0.570503
-0.581432
0.223571
0.111228
0.0306097
-0.0806661
0.738479
-0.262877
-0.252538
-0.273123
-0.438132
0.438308
0.449483
0.605945
1.21643
-0.525435
-0.52223
-1.13553
-0.651977
-0.185962
-1.61953
-1.73565
-1.15055
-0.1028
0.0712443
-1.21932
-0.0052821
0.578609
0.466674
0.138571
-0.596351
-0.828533
0.0587214
-0.416636
-0.800399
0.295142
0.171779
0.220001
-0.493591
-0.107155
0.332226
1.10488
1.06973
0.414989
0.982117
-0.443707
-1.09987
-1.2188
-1.02024
0.346252
-0.801533
-0.416653
-0.034917
-0.147011
-0.19881
-0.11258
0.321542
0.238909
0.254495
-0.22703
0.326349
0.526561
0.611197
0.390268
0.107917
0.787787
0.0946205
0.853947
-0.019758
-0.0961156
-0.0568523
-0.591494
-0.831723
-0.693068
0.235808
-1.36224
-0.36725
-0.772869
-1.20819
-1.4751
-1.10729
0.156742
-0.197379
-0.822749
-1.05448
-0.0209053
0.863721
0.655956
0.382005
1.14548
0.699851
0.296072
-0.428042
-1.07107
-0.350071
0.27631
-0.33268
-0.862325
-0.621902
-1.27759
-0.785856
-0.34418
0.516286
0.556545
0.050993
-0.191888
-1.08152
-0.411119
0.164552
0.985353
0.663262
0.947543
1.27861
0.642033
-0.0814951
0.71891
1.32225
0.410604
0.177092
0.0542351
0.331388
0.221576
0.7804
1.06196
0.685473
-0.6258
0.724713
0.174446
0.216948
-0.159078
-0.881163
-0.842642
-0.682581
-0.714649
-1.25934
0.532964
0.612625
-0.763084
-0.263131
-0.117126
-0.781702
-0.997422
0.129242
1.89083
1.82688
0.835965
0.969823
1.17224
0.676932
0.720438
1.2128
0.340522
0.151078
0.339992
-0.0707377
