0.831972
0.754884
-0.660891
-0.731814
0.900676
0.0249284
-0.650371
0.473244
0.184919
0.131909
-0.0735529
-0.297754
1.28417
0.905258
1.13395
-1.43429
0.0669535
-0.366081
0.0439238
-0.110799
-0.477601
0.904613
1.66344
1.00478
-0.463157
-0.298503
0.224134
0.202819
0.704877
-1.13122
0.512928
0.630779
-0.817874
0.585409
-0.150596
0.229889
-0.0216368
1.4113
0.352911
-0.440955
0.274095
0.212634
-0.650226
0.277487
-0.495155
0.407843
0.435169
0.00839697
1.21616
0.728598
0.716894
-0.638436
0.41598
-0.00217027
-0.478326
-0.970028
-0.273482
-0.672183
0.262222
0.460544
0.328788
0.302597
0.856755
-0.0782733
-0.623505
-0.159233
0.220319
1.21576
0.385753
0.247635
-0.466292
0.229269
1.03836
-0.870424
-0.70069
-0.0124982
1.31942
1.39536
1.11509
-0.328849
0.629489
-0.422357
-0.189942
0.134504
0.219425
-0.0384121
-0.0342652
0.79308
1.92967
0.169267
0.227595
0.185342
-1.37465
-1.30899
0.75079
1.39123
-0.305027
0.47833
-0.352728
0.172724
-0.0506943
-0.671025
0.441769
0.607637
0.597726
-0.999317
-1.08843
0.598547
0.403322
0.509609
-0.212492
-1.09059
-0.358084
0.635681
-0.423374
0.452517
0.257909
0.163789
-0.961046
0.271673
0.040985
1.33161
-1.4381
-1.10187
1.26697
-0.300053
0.34168
0.799886
0.901198
0.926499
-0.142277
-0.254361
0.816793
0.710891
0.574551
0.88489
-1.00675
-0.578898
0.42388
0.176514
0.452065
-0.117786
0.0724478
-0.509382
-0.14363
0.642173
-0.181021
0.0335645
-0.65424
-1.26093
0.906174
0.89446
0.977802
0.819283
-0.365161
-0.442847
-1.3101
0.567736
-0.152927
0.502784
0.782654
-0.913752
-0.625989
-1.47457
-1.41075
-0.221456
1.44501
0.684713
-0.178537
1.16934
-0.339868
-1.24773
0.459139
0.444913
0.423104
0.575118
-0.303938
-0.548272
-0.922035
0.639384
0.734772
0.305737
-0.614612
0.238196
0.255463
-1.52423
0.344144
0.0339093
0.970368
0.226761
-0.0205329
0.702012
0.490864
0.941882
0.0632121
-0.100614
0.651105
-0.0681496
0.939073
0.44545
0.261957
-0.541419
0.433764
0.0675265
-0.691353
0.882865
-0.037446
1.06542
0.289167
-0.952002
-0.00941863
0.532729
-0.16995
-0.0356121
-0.235975
-0.0349819
0.890411
0.608303
0.00622463
-0.550307
-0.00756665
0.343347
1.1691
0.478876
-0.101061
0.160407
-1.10608
0.807901
1.31806
0.202216
-0.00031495
0.990084
-0.505059
0.0416423
-0.40528
-1.04347
-0.700981
-0.0184458
0.661329
-0.219788
-1.39481
0.461522
-0.876843
-0.507971
-0.483122
-0.401342
0.0834392
0.457195
-1.40687
-0.545145
-0.0134859
-0.628084
-0.095763
-1.5387
0.856953
-0.189033
-0.372235
-0.413993
0.693876
0.427185
0.583712
-0.00333902
0.318557
0.0692957
0.314231
0.74476
0.120373
-0.37647
0.196661
-0.0718815
-0.816747
0.125516
0.0909073
0.504775
-0.0493543
-0.336128
1.01865
0.589357
0.48293
-0.406345
0.030078
-0.178064
-0.237776
0.0848563
0.00707117
-0.544822
-0.808097
0.57194
-0.119267
0.0388941
0.118704
1.40666
0.59179
-0.330645
0.00692883
0.107309
-0.92642
-0.345236
-0.642859
0.993037
0.132484
0.478586
0.31244
1.15724
0.432484
0.643601
1.08849
0.636323
-0.736504
0.889375
0.0612449
0.252865
-1.03357
1.4059
1.19097
0.328541
1.04137
0.359412
0.20502
1.16323
-0.356088
-0.0277726
-0.40748
-1.75899
-0.642401
-0.0162393
0.535884
-0.929562
-0.132031
-0.0547182
1.95058
0.479073
0.303177
0.73648
0.623636
-0.399615
0.286315
-0.617146
-0.594723
0.703225
-0.303777
-1.08999
-0.041326
-1.04796
-0.00618191
0.769025
0.609428
-0.0109712
0.0887041
-0.228945
0.34614
0.615342
-0.243386
0.564868
0.35691
-0.246855
0.224022
0.000373864
-0.414339
0.458466
0.11413
-1.01939
-0.962193
0.432838
0.0976317
-0.245421
0.763167
0.104648
-1.4675
-0.323553
0.821251
-0.103021
0.217507
0.197568
0.580789
0.186974
-0.525926
0.247192
-0.0706339
0.193705
0.336656
-0.73006
0.32264
-0.547073
0.111871
-0.306001
0.306901
-1.54974
-1.48833
-1.17434
0.173793
-0.125327
-0.22546
-0.0119003
0.389929
1.14133
0.701427
0.289552
-0.949199
0.152888
-0.131587
-0.0177836
-0.0583226
0.720602
0.150919
1.01053
1.38726
0.387532
0.433293
-0.251769
-0.467851
0.186784
-1.61782
-1.06556
0.0103354
1.04636
1.90592
1.50551
-0.168284
-1.36763
-0.357572
-0.187455
1.33286
-0.183249
0.333311
-0.263703
-0.465221
-0.037259
-0.585965
-0.264016
1.58319
-0.482915
-0.518436
-0.20652
0.163998
-0.37963
0.667475
0.371827
-0.146097
-0.689179
-0.0510515
0.464687
-0.664709
1.05695
0.3882
0.770442
1.41713
0.682101
0.0706166
0.365918
-0.989042
-0.551337
-1.06311
-0.473583
-0.707191
0.29402
0.0198501
-0.0644823
-0.497401
-0.779854
-0.0789645
0.69662
0.620432
1.01213
-0.0978333
0.761265
0.0501302
-1.25375
0.131149
-0.475714
-0.956088
-0.0428649
0.0732459
-0.0139121
1.07754
-0.0967819
-1.08104
-0.881893
-0.567123
-0.657459
-0.43634
-0.412057
0.493202
-0.348041
0.540368
0.0221409
0.218317
-0.312614
-0.576377
-1.00993
0.242604
-0.108508
-0.192399
-0.537104
-1.64422
-0.463178
0.494967
-0.454824
0.635332
0.307473
0.906541
-0.701503
-0.087005
0.278054
-0.0634788
0.27036
-1.41059
0.0984609
0.335633
1.01679
0.254683
0.727453
0.194319
-0.257663
0.949429
-0.377891
-0.327846
0.413303
-0.190647
-0.993795
-0.604716
-1.90689
0.184806
0.144975
1.59849
0.110815
0.181779
0.335803
-0.355857
-1.52369
1.01076
1.13641
-0.329268
-1.55037
-0.484023
-0.728589
-0.541632
-0.15298
0.20587
-0.280902
0.235125
-0.748094
0.174086
1.18104
-0.613512
-0.0593422
0.992388
0.326511
-0.377418
0.367407
0.494811
-0.135843
0.862445
-0.276032
-0.454833
-0.511943
-0.606164
-0.481665
0.195153
0.989576
0.264163
-0.821315
0.148497
0.176743
0.160294
-0.440872
-0.230688
0.26237
0.217919
0.39088
-0.977677
0.475328
-0.094605
-0.554752
-0.842567
-0.0570738
0.410477
0.0272575
1.36028
0.566641
-0.533819
-0.164236
-0.259586
-0.0385604
0.418557
-0.9187
-0.447075
-0.764785
0.225044
0.673057
0.396709
0.580776
-0.453752
0.356604
0.43537
0.00446872
0.0135567
-0.44758
1.05871
1.24112
0.443076
0.911907
-0.385834
-0.530887
-0.418531
-0.344874
-1.06701
-0.882634
-1.10881
0.00463848
-0.163977
-0.569315
1.58387
-0.142781
-0.362173
-0.530901
-0.0405515
0.95414
-0.518186
-0.0541219
-0.402359
-0.730661
-0.821397
-1.05061
0.573424
0.98939
-0.899129
-0.421214
-1.07397
-0.513065
-0.112221
0.597182
-0.476416
-0.597011
0.246101
-0.292956
-0.50008
-1.00082
0.599175
0.321836
-0.965185
0.0825856
-0.770527
-0.456655
0.864799
0.855647
-1.111
-0.402939
-0.178147
0.134316
1.11551
-0.471446
0.472528
0.289556
0.280562
-0.564786
-1.14931
-0.416695
0.56282
0.516558
0.657638
0.526139
0.292758
0.666265
0.903454
0.513553
-1.06256
-0.14455
-0.344503
-0.207431
0.552348
-1.00174
-0.88062
-0.59802
0.573476
-0.575104
-0.37036
-0.733711
0.762328
1.29139
0.628601
0.826922
-0.119984
-0.823501
-0.870134
1.08307
0.823891
-1.69667
0.00691565
-1.01097
0.670407
1.15552
0.263183
1.00859
-0.744432
-0.411744
-0.0270919
0.736288
-0.361306
-0.388
0.465221
0.773501
-0.177171
1.05089
-0.536696
-0.723271
-0.318008
-0.840958
-0.396918
0.721558
0.680921
0.411247
0.512681
0.333849
-0.145727
0.607137
0.5609
-0.423036
-0.239186
-0.217423
0.962431
-0.685148
0.976437
1.00984
0.0270305
-0.705885
0.0589125
-0.750515
-1.90811
-0.0111113
0.298482
-0.576838
0.358725
0.707681
0.117649
-0.285032
-1.04157
-0.102072
0.136225
0.338838
-0.273758
0.719498
0.191516
0.382889
0.966083
-0.183652
-0.761013
1.50744
0.0193974
-1.05248
0.753816
0.201145
0.835031
0.599016
0.0540267
0.194364
0.260737
-0.138687
-0.67044
0.751129
0.910483
1.06922
0.511455
0.868484
-0.016013
0.550759
-0.151949
0.243272
-0.257591
-0.812593
-0.353263
0.227258
0.467239
-0.00925677
1.18925
1.33937
1.11542
1.0612
0.361264
1.19103
0.356248
0.0779204
-0.514775
-1.01857
-0.208251
-0.132134
-0.0483319
-1.35732
0.028534
-0.187273
-0.48262
0.524135
-0.542177
-0.725964
1.23843
0.310852
0.977806
0.149454
0.195337
0.301578
-0.489995
-0.0939359
-0.561169
0.385165
0.260888
-1.518
-0.724298
-0.674005
-0.457207
0.225844
0.539357
-0.571205
0.108291
0.210177
0.179116
-0.00701987
1.14049
0.361854
1.08109
-0.117115
-0.248509
-1.32333
1.38988
0.43764
-0.598948
-0.678948
-0.439154
0.0171998
-0.0971042
-0.802138
0.722233
-1.50195
1.12566
1.35556
0.434625
0.324477
0.755387
0.234146
0.0367643
0.408768
-0.896641
-0.149801
-0.938475
0.446096
-0.480821
-0.146758
-0.146584
-1.81989
-0.74494
-0.214475
0.540313
0.402657
1.15942
-0.223158
0.560593
0.154115
0.200786
-0.0399662
0.104832
-0.256654
0.239441
0.658404
-1.16636
0.215652
-0.300432
0.723907
-0.178622
-0.249254
0.532513
-0.323385
-0.00426557
-0.749243
0.569064
-0.164362
-0.299669
0.783147
0.437446
-0.309661
-0.627053
0.388767
0.786575
0.0237961
0.577787
1.06001
-0.26152
0.439143
-0.21756
0.270856
-0.357023
0.0356013
-0.951461
-0.317303
0.799905
-0.0558829
-0.513839
-0.327058
0.0896376
-0.885123
-0.108135
0.194559
0.46946
-0.0375189
0.0857194
-0.881671
-1.15467
2.17184
-0.678787
-0.0484541
1.19374
0.131206
-0.504709
-0.485607
-0.36532
1.11312
-0.00928774
-0.0610874
0.365977
0.778779
-0.159904
0.668251
0.136397
0.928604
-0.703526
-0.129291
0.565827
-0.386982
-0.570048
1.81189
0.564438
-0.397707
-0.200316
-0.23869
-0.000926462
-0.197023
-1.63852
0.10925
-1.22783
0.406773
-1.29874
-0.194465
-0.304158
-0.287453
0.0384723
0.182761
-0.20449
0.624869
-0.308191
-0.0609706
1.14377
-0.705134
-0.0964743
-0.383274
0.298769
0.15219
1.59547
0.171323
-0.442371
-1.10179
-0.798174
-0.355805
0.155803
-0.843633
0.661665
-0.46528
0.865664
0.67127
-0.0158855
-0.771072
-0.678166
0.39874
-0.0956531
0.718456
-0.0644246
1.17774
-0.536454
0.68539
-0.489562
-0.945254
-0.265356
-1.07536
0.858224
-0.307246
0.566933
1.15014
1.10183
0.361285
0.341367
-0.928379
-0.460264
-0.170663
0.24622
-0.596153
-0.679916
-0.786854
0.229668
-0.304466
-0.248048
-1.43157
-1.35591
-0.847375
