0.088717
0.0514476
0.801651
0.352022
0.32591
0.0233578
0.299524
0.386644
0.268006
0.382735
0.637993
1.22628
1.24081
2.34781
2.40432
2.49362
1.3015
0.646063
0.469544
0.48527
0.239711
-0.158056
-0.0637102
0.558758
0.447793
0.322551
0.403037
0.581394
0.463043
0.310908
1.18327
1.01855
0.751277
0.32205
0.226245
-0.0758976
0.0335334
0.24569
1.24353
1.21518
-1.59583
-1.10526
-1.439
-1.38563
-1.93324
-0.883709
-0.805868
-0.981503
-1.25645
-1.36108
0.630227
0.613784
0.593189
1.33314
0.472208
0.379461
1.07822
0.590239
0.876039
0.771825
-0.995507
-1.06228
-0.981209
-0.94677
-0.557319
-0.189209
0.47805
-0.488373
-0.631559
-1.51202
0.0327475
-0.409688
-0.0971878
-0.614611
-0.813966
-0.688032
-0.432834
0.0462871
-0.431485
0.210846
-0.230505
0.0965188
-0.167985
-0.115417
0.654169
0.631501
0.00538932
-0.0151362
-0.12434
-0.0329941
-0.617195
-0.751739
-0.603192
-0.90214
-0.778399
-0.581507
-1.01681
-0.72331
-0.81817
-0.706876
-0.639128
-0.321715
-0.235443
-0.32507
-0.0792286
-0.861602
-0.944448
-0.402291
0.131557
-0.849655
-1.76886
-1.25403
-1.26492
-0.0420701
-0.605306
-0.737675
-0.567623
-1.43493
-1.82122
-1.5858
-0.119734
0.44825
0.780126
0.554187
0.71103
0.782213
0.192184
0.00298756
-0.26003
-0.120744
-0.446056
-0.688716
0.12755
-0.0878792
-0.334075
-0.678739
-0.37069
-0.439808
-0.721346
-0.310684
0.774652
0.455367
0.523769
-0.0204368
-0.0227541
-0.118884
-0.287433
-0.0109944
0.892348
0.655993
0.314991
0.234954
-0.0439868
0.424663
0.0763062
-0.0310693
0.24657
0.704909
0.814824
0.680221
1.1319
1.86517
1.74408
1.3135
1.2518
1.38702
1.32638
0.338338
0.835658
1.09319
0.328814
0.448626
0.337109
0.946006
-0.0717526
0.177904
0.181814
0.436836
-0.229157
-0.000216767
1.22535
1.49151
1.29668
1.04641
1.35438
0.842812
0.850036
0.592554
0.672456
1.61067
0.693026
0.464952
0.255435
0.0735769
0.391202
-0.0763822
-0.136188
-0.566427
0.311967
0.935066
0.746692
0.39949
-0.151055
-0.838098
0.0782446
0.00484641
0.466003
0.520377
1.03671
1.00855
-0.154957
0.0121985
-0.102534
0.270663
0.271326
0.207674
0.26267
0.240175
0.24786
-0.10921
-0.62812
-0.587249
0.361136
-0.00107603
0.469637
0.137759
0.0978795
-0.610175
-0.388118
-0.38003
-0.0497822
-0.631488
-0.486344
-1.26704
-1.73071
-0.592771
-0.787726
-0.80315
-0.628054
-0.422245
0.0318112
0.123992
-0.135461
0.143962
-0.106124
0.421727
0.719142
0.390691
0.714496
0.547487
0.631642
0.372147
0.151391
0.142622
-0.415516
-0.303217
-0.537336
-0.0395433
-0.156039
0.0992914
-1.96653
-1.93209
-1.91548
-1.17364
-1.16672
-1.58234
-1.58447
-2.23221
-1.27527
-1.53288
-1.01854
-1.23327
-1.41901
-1.25216
-0.830122
-0.299981
-0.24915
-1.06803
-1.50039
-0.884905
-1.46989
-2.14403
-1.94266
-1.53573
-1.67916
-1.10703
-1.32826
-1.23789
-0.314966
-0.59463
-0.406351
-0.987414
-0.864053
-0.473117
-0.0388582
-0.559262
-0.739464
-1.03612
-0.659865
-0.257068
0.79652
0.204208
0.376764
0.119606
0.319119
0.323353
0.236538
0.285707
0.638081
0.215108
-0.564567
-0.0822906
-0.140783
-0.281867
-0.276082
0.237268
0.16165
-0.091935
-0.742941
-0.858626
-0.762688
-0.176344
-0.565725
-0.575645
-0.254004
0.298012
-0.366328
-0.801568
-0.679275
-0.885107
-1.4817
-1.62702
-1.37659
-1.0734
-1.1669
-1.60813
-1.75099
-1.35291
-1.44958
-1.36903
-0.457974
-0.65748
-0.588155
-0.179338
0.285383
-0.440825
-0.867554
-1.38854
-1.27591
-0.757238
1.69437
1.32243
1.59253
1.26212
1.37388
1.15651
1.12942
1.01277
1.4999
1.77366
1.39046
0.868945
0.587192
0.172582
0.398409
1.42109
1.85461
2.307
2.02987
1.37199
1.44785
1.6368
1.26519
0.948386
1.42793
1.211
1.4758
1.55616
1.38593
1.70177
0.09604
0.0975396
-0.27838
-0.119236
0.175483
0.152791
0.391022
0.500434
0.584709
-0.254681
1.32552
1.05658
0.991509
1.30586
1.14746
0.438099
0.572116
0.98737
0.925186
1.35346
-1.40671
-1.68811
-2.08211
-2.51982
-1.93336
-1.62029
-1.42274
-0.47381
-0.891787
-0.956313
0.521542
0.583028
0.734065
0.775794
0.184736
0.66065
0.59227
1.64095
1.54577
0.6564
-0.183577
0.0912395
-0.0688728
-0.73558
-1.07122
-1.48779
-1.15998
-1.4255
-1.22686
-0.344026
1.02641
1.21611
1.78277
1.7806
1.40179
1.62785
1.48867
1.2281
1.80773
1.52849
0.581128
0.660325
0.297761
0.644702
0.621228
1.00581
0.412023
-3.95809e-05
-0.210006
-0.0870928
0.0157105
0.00556821
-0.18964
-0.259225
-0.409259
-0.6487
-0.13683
0.103072
-0.235825
-0.784831
-0.906935
-1.1112
-1.5
-1.50553
-1.51595
-1.22365
-1.72003
-1.42345
-1.25294
-1.12667
-1.04157
-0.448332
-0.308032
-0.418212
-0.471342
-0.292668
-0.813304
-0.581905
-0.256669
-0.395951
-0.661842
-0.389392
-0.193165
0.0814015
0.0425479
0.519917
-0.204788
-1.1998
-1.52654
-0.875143
0.130755
0.0311755
0.0847331
-0.219178
0.193877
0.808339
1.04216
1.24462
0.765324
0.0620804
-0.31929
-0.325417
-1.39722
-0.752929
0.0827884
0.678244
0.405393
-0.421602
-0.216541
-0.532616
-0.973017
-0.844187
-0.55918
-1.07089
-1.33334
-1.31172
-1.56377
-1.06444
-1.23449
-1.1428
0.569901
0.396174
-0.634594
-0.699595
-0.730616
-1.19216
-0.455818
-1.10185
-0.466543
0.337697
-1.44455
-1.37106
-0.900349
-0.696779
-0.714256
-0.773574
-0.927526
-0.718494
-0.761419
-0.950727
-0.67493
0.0515424
-0.306314
0.692896
0.489377
0.559786
-0.0118269
-0.496094
0.0599697
-0.594212
-0.309259
0.200159
-0.839511
0.201038
0.3582
-0.103603
-0.160476
0.331864
0.115399
0.101539
-0.0291085
0.07814
0.136335
-0.22215
-0.485754
-0.27265
-0.0737869
0.04568
-0.161717
-0.0102973
0.247356
0.625664
0.0204372
-0.0544886
-0.443327
0.0786038
0.092673
0.173524
0.287084
0.142717
-1.01639
-0.886697
-0.981983
-0.0625894
-0.742581
0.0647308
-0.431623
-1.0345
-0.804589
-0.841409
0.948706
0.25744
0.789679
0.237532
0.323944
-0.0440534
-0.000885352
-0.328233
-0.284446
0.442557
-0.772976
-0.376088
-0.0723093
0.280739
0.856242
1.09925
0.628841
0.693892
-0.304011
-0.00935383
-0.159464
0.347371
-0.169645
0.0481173
0.0331208
0.200684
0.986745
0.580256
0.599134
0.383087
-0.396209
-0.429169
-0.964181
-1.14331
-0.27052
-0.29527
-0.249739
0.153064
0.239334
0.195343
2.07672
2.06451
2.15026
1.19061
0.72527
0.745974
1.0208
1.28885
1.55266
1.61849
0.399892
1.10717
1.26713
0.707964
0.225111
0.352572
0.0764853
0.843009
0.0479582
0.0743776
0.35946
-0.150072
-0.157365
-0.626648
0.0996225
0.300355
0.863578
1.03924
0.577836
0.484505
-0.646031
-0.782394
-0.910353
-1.26562
-0.873629
-0.532238
-0.583593
-0.708993
-1.517
-0.867352
-0.907604
-0.549257
-0.749225
-0.469305
-0.864527
-0.66051
-1.34413
-0.975173
-0.679692
-0.390774
-0.018459
-0.297777
-0.317915
-0.203555
-0.482485
-0.00153595
-0.106387
-0.112804
-0.287218
-0.094382
1.19285
1.58172
1.07872
-0.212888
0.0135773
0.350432
0.47284
0.931174
0.162099
0.463984
0.328181
0.146714
0.483464
-0.0734776
-0.47423
0.0522871
-0.386164
0.3633
1.16309
0.696217
0.710402
0.452979
0.587835
0.166928
0.104857
0.163617
0.0272668
0.0816335
-0.211653
0.520142
0.744563
1.33672
0.530823
1.11959
0.319239
0.105855
-0.235264
-0.0578938
0.523388
0.397222
0.513033
-0.412259
-0.149439
-0.285555
-0.153505
0.242588
0.0674935
0.0806942
0.0176701
0.0974384
2.20939
2.02253
2.02833
1.85573
1.75408
1.26952
1.09698
1.40202
1.33216
2.07686
-0.370258
-0.473423
-0.0879994
-0.33519
-0.321059
-0.224336
-0.185687
-0.97521
-0.495914
-0.647597
0.252553
0.132734
0.535058
0.328774
-0.0282277
0.192487
-0.610224
-0.61659
-0.348038
-0.227263
-1.10426
-1.39746
-1.06348
-1.41432
-0.956366
-0.958194
-0.541971
-0.276185
-0.456984
-0.860515
0.062317
-0.386154
-0.757684
-0.0590117
0.0732504
0.48426
0.71871
1.32027
0.996016
1.13178
-1.14441
-0.517572
-0.83943
-0.64257
-0.366462
-0.21717
0.415906
-0.487075
-0.963896
-0.608875
-0.0517932
0.300843
0.412908
0.923917
0.229137
-0.353219
-0.446911
-0.521158
0.0525814
0.0469623
-2.15424
-1.86223
-0.982722
-1.51134
-1.61605
-1.39902
-0.920567
-1.57126
-1.84292
-1.56892
0.421107
0.302007
0.307824
1.00191
0.721503
-0.782098
-1.27174
-0.746698
-0.12017
0.236557
-0.532608
-0.811512
-0.637865
-0.711105
-0.509893
-0.48938
-0.123793
0.511088
-0.351773
-0.570593
-0.125091
0.234932
-0.130477
-0.681381
-0.221875
-0.26757
-0.456074
-0.301735
0.067374
-0.616674
1.10477
0.601252
0.304131
0.770804
1.139
0.790054
1.32347
1.24189
1.33609
0.891138
0.806678
1.08549
0.936226
1.4668
1.0378
0.922898
0.188456
0.94754
0.56969
0.886749
0.850565
0.902406
0.312439
-0.35102
0.292137
0.17937
1.07616
1.53639
1.09973
1.0181
1.61484
1.25991
0.39117
0.134582
-0.277158
0.112939
0.391484
0.117264
1.12965
1.60287
-1.09838
-1.15476
-1.21122
-0.955661
-0.508359
-0.928684
-1.73216
-1.66701
-1.06097
-1.06967
-0.732413
-0.648127
-0.18737
0.0630185
0.0611855
-0.0911942
-0.86167
-0.967683
-0.952281
-0.84306
-1.15769
-1.13751
-0.730028
-1.03645
-1.49983
-1.58319
-1.20741
-0.991485
-1.12765
-1.48371
-0.800211
-0.0283587
-0.0360953
0.0391486
0.324886
0.0965968
0.121921
0.145876
-0.830049
-0.320308
0.523952
0.36319
1.25704
0.660204
-0.339603
-1.1995
-1.20371
-0.633529
-0.497366
0.376217
-0.0837753
-0.1364
0.03076
-0.0768574
-0.668704
0.0081106
-0.217266
-0.640142
-1.18051
-0.642375
0.520279
0.610578
0.627045
0.474181
0.718668
1.19981
0.888286
1.24748
0.545683
0.357229
0.242101
0.196659
0.574472
-0.0445794
0.481515
0.616945
-0.332299
-0.15359
-0.282041
0.414649
-0.646029
-0.142033
-0.689752
-0.677816
-0.770415
-1.10335
-1.52943
-0.879042
-0.551102
-0.664781
-0.482722
0.169383
-0.318304
0.132327
-0.483807
-0.361937
-0.389963
-0.25455
-0.679046
-0.366525
0.598308
0.16753
0.692913
0.883982
0.439544
0.327196
0.112419
-0.0556715
0.325159
0.606023
