0.735474
0.233413
0.365121
-0.351228
-0.338059
0.761488
0.158437
0.618004
0.95822
0.375757
0.790443
0.321801
1.44389
0.571327
0.512249
-0.741173
-0.0194116
0.764959
0.554173
1.07224
0.924924
0.658781
0.642751
0.987036
-0.0919968
0.451931
0.903356
0.535464
0.685222
0.0605577
1.34231
0.687114
-0.0526844
0.712596
-0.354101
-0.677055
0.796336
0.749122
0.528852
0.39345
-0.219741
-0.188626
0.39421
-0.493517
-0.357651
-0.351185
0.754468
-0.385923
-0.86867
0.376331
1.27885
1.1562
0.159169
-0.106591
0.165154
0.523925
0.0354957
-0.150084
-0.342299
0.86036
-0.840351
-0.664235
0.613018
-0.831932
-0.320378
-0.00478333
0.216654
1.89993
1.36904
-0.263978
0.606157
0.837709
-0.0477457
-0.993847
0.698274
0.193309
0.286011
0.648857
-0.813979
1.0977
-0.0702804
0.469635
0.805329
-0.0562585
-0.548046
0.530358
0.158301
-0.326523
0.665666
0.864249
-0.833066
0.577183
-0.337089
-0.638957
-1.37961
-0.862205
0.178863
0.332594
-0.942003
-0.88079
-0.300254
0.23516
-0.657649
-0.565754
-0.771494
0.160083
-0.426664
0.802692
-0.315059
-0.282092
0.515002
-0.14238
0.242025
-0.792248
0.520629
-1.25558
-1.13086
-0.834263
0.292472
1.06748
-0.951245
-0.0929059
1.26972
0.0440082
-0.250515
-0.44321
-0.614694
0.25528
0.316729
-0.0760258
-0.293834
0.400295
-0.803061
1.17553
0.137143
-0.218935
-0.393354
-0.615432
0.579177
0.651457
-1.12772
-0.652213
-1.01705
-0.0277804
-0.0212384
-0.315932
-0.144756
0.794097
0.748331
0.532042
0.69713
1.04515
0.178474
0.107808
-0.261829
0.321344
-0.121767
-0.645365
-0.142167
0.808772
-1.06601
-1.21885
0.090262
0.363403
0.348577
0.428082
1.63248
1.68555
1.46456
0.963116
0.19014
0.418739
0.243906
0.189641
0.826103
0.281577
0.738684
-0.191671
-0.489216
-0.668376
0.0412632
0.133621
-0.0175412
-0.221372
0.329843
-0.17215
-1.31187
0.0301599
0.587636
0.461237
-0.284092
-0.220313
0.940499
0.775176
0.142335
1.40659
1.41861
1.0042
1.67121
-0.306537
0.986115
1.13563
0.500163
1.04311
0.618875
-0.190103
-1.51609
-2.22677
-1.25089
0.176358
-1.78976
-0.192405
0.0513007
0.965134
0.923861
1.08335
1.77908
0.302859
-0.832589
-0.210344
0.67722
0.88585
1.76389
-1.16213
0.436262
-0.286899
0.229486
-0.0746354
0.164183
0.3343
0.504005
0.482164
0.573786
0.209616
-0.361493
-0.245224
0.538846
-0.838865
0.109451
-0.287959
0.262477
0.100684
-1.24774
0.205144
-0.526796
-0.493352
0.291591
1.09155
0.0735728
0.350391
-0.0212452
-0.552879
0.559497
0.899873
0.724476
-0.0732016
-0.394727
-0.96789
0.131712
-1.05499
-0.565079
0.0132235
0.420872
-0.758276
-1.49298
-0.820793
-0.097978
-0.293455
0.279823
-1.25459
-0.869928
-0.488053
-0.174462
-0.137942
-0.196861
0.28326
0.114784
-0.295245
-0.72294
0.208355
-0.465281
-0.495944
-0.348075
0.182132
0.745454
1.13785
-0.992626
0.0805577
-0.39118
-1.02472
0.517946
0.394862
-0.0868261
-0.717725
0.768407
-0.254254
-0.107923
-0.0222277
-0.0288607
0.357981
-0.828457
0.0293085
-0.709638
-0.83359
-0.462916
-1.09318
-0.874955
-0.310807
-0.044769
-0.265224
0.645913
-0.135917
-0.284221
0.0349005
0.316918
0.950012
-0.0219847
-0.195115
-0.340871
0.384853
0.657303
0.429843
2.3083
0.415739
0.422501
0.256217
-1.10215
-0.705966
0.12565
-0.408539
-0.0516912
0.120085
0.351168
0.232078
-0.169407
-0.582598
0.874207
0.441222
0.194167
-0.20903
-1.30471
-0.505002
1.30462
0.75516
0.184111
-0.393367
-0.771764
-0.437654
0.298378
-1.09073
0.338361
0.522055
-0.0487576
-0.735452
1.40062
0.777482
0.438292
0.312205
-0.0974373
-0.0849016
1.44272
1.19246
0.245412
-0.322929
-0.451327
-0.341462
1.04002
0.80722
0.132521
-0.539012
0.794731
-0.574076
0.802514
0.657967
0.909068
-0.20631
-0.183401
-0.181732
-0.348091
-0.818409
0.703408
1.1681
-0.33614
-0.478566
-0.929492
0.371838
0.241629
-0.452321
0.0108572
0.783906
-0.131566
-0.102781
-0.140569
-0.481411
1.23899
1.17778
1.10566
1.60263
1.16496
1.14876
0.836951
-0.270272
-1.29347
-0.731552
-0.41149
0.484439
1.03859
0.74713
-0.180663
0.344393
-0.157588
0.137692
0.545877
0.135729
0.454445
0.855896
-0.560462
-0.226313
-0.102923
1.15987
0.808
0.392419
0.356157
0.0803514
0.163516
-0.088839
-0.172886
0.377296
1.2117
1.52056
0.809193
-0.943361
0.0523468
-0.153759
-0.592646
-1.57713
0.249947
1.10695
1.16426
0.0533901
-0.708422
-0.516307
-0.309917
1.5331
1.51222
0.96062
-0.0883233
-0.927963
0.0441961
-0.291029
-0.922698
0.196012
-0.662007
-1.11868
0.22747
0.05881
0.092296
1.22133
0.748382
0.0405251
1.35758
0.189608
-0.0370521
-0.184153
-0.107225
-0.347232
0.0513198
-0.269752
0.247478
0.069127
-1.05567
0.0453502
-0.261639
0.97872
-0.468662
-1.04622
0.379352
-1.24015
-0.535216
0.0578616
0.571316
1.1044
-0.976097
-0.944463
-0.819682
-0.692365
0.203643
-0.0239443
0.627811
0.998855
0.689446
-0.380184
-0.828215
-0.726946
-0.180236
-0.517834
0.397925
0.518294
0.281735
1.26228
-0.124351
-1.31229
-0.602849
-1.4886
0.459166
-0.360271
0.432537
0.0506368
0.0853799
-0.664196
-0.667749
-0.558391
-0.672132
-0.103776
-0.0125541
0.160853
-0.329499
-0.689234
0.71813
-0.0684513
1.1655
0.673572
0.663123
0.288775
-0.0398855
0.224623
0.575235
0.471674
-0.741206
-0.520092
0.207512
0.170467
-0.603638
-0.0592851
0.97315
0.238573
0.371549
0.510849
0.0668246
0.147384
-0.749955
-0.905655
-0.336221
0.00609412
0.790991
0.125963
-0.311125
-0.953008
-1.11701
-1.31825
-0.730923
-0.0400185
-1.40143
0.557398
0.956579
-0.166118
0.962885
1.5229
0.896005
-0.252781
0.583901
0.693363
0.400048
0.0325905
-0.809926
-0.18103
-0.668404
-0.165402
0.171613
0.473386
-0.174609
0.575023
-0.0402592
-0.091033
-0.842784
0.656097
-0.256406
0.728932
0.908918
0.357521
-0.0186506
1.39243
0.825931
0.569178
0.524295
-0.0876986
0.180786
0.475856
-0.120867
-0.461671
-0.0446877
0.373937
-0.386937
0.526034
-0.718518
-1.50218
-0.697009
-1.09943
-0.557191
1.08961
1.23114
0.465924
0.281123
0.257562
0.44162
-0.510283
0.661464
-0.0547551
1.91035
1.54382
0.218413
0.446613
0.00373106
-0.974751
-0.0876989
-1.25565
0.401308
0.851668
1.84365
1.11314
-0.0148787
0.0111117
-0.056574
-0.140636
-0.417086
-0.158678
0.433259
0.854428
-0.0916957
0.176881
0.375829
0.344575
0.355701
-0.479539
-0.0999424
1.09829
-0.60303
-0.0141437
0.444658
0.078759
0.78779
0.180814
-1.08242
-0.0438327
-0.681852
1.87798
-0.649604
-0.802465
-1.63853
-0.414705
-0.225911
-0.873933
-0.288888
0.220601
-0.0949675
-0.0848124
-0.709624
-0.248747
1.35074
0.731244
-0.581156
-0.453806
0.296408
-0.11286
0.746255
0.190847
-0.344074
0.698023
-0.197983
-0.937379
-1.17648
-0.404246
-0.472373
0.863752
-0.0942339
0.248767
0.0494451
-0.683986
-0.297705
0.301643
-1.33552
0.355295
-0.316154
-1.36762
-0.440599
-0.0147867
0.315211
-1.29866
-1.32082
0.214331
0.223338
0.847636
1.04008
1.55171
0.85788
0.598251
-0.330841
-0.777771
-0.326245
-1.05267
-1.48959
-0.400936
-0.56523
0.772829
-0.796419
-1.46133
-0.578166
-0.50667
-0.167506
0.0227506
1.36139
-0.512939
0.684561
0.318413
0.221568
1.02775
1.33272
0.411924
0.406954
0.932022
0.538493
-0.261542
-0.943258
-0.934803
-0.532708
0.13719
-1.25269
-0.504434
-0.413457
0.532217
-0.51162
-0.263886
0.714426
0.883346
0.128895
1.42276
0.625586
-0.562877
-0.148506
0.830462
-0.865087
-0.231354
0.817975
0.178123
0.209005
1.1337
0.12347
0.835493
0.502812
-0.722046
0.425659
-1.00547
-1.83584
-0.542986
0.955605
1.0059
0.33092
0.986541
0.668445
0.535343
-0.767287
-1.14188
-0.225474
0.273915
0.500932
-0.728377
0.555865
0.182508
0.844546
0.103303
0.662671
0.0296165
-0.343661
-1.14588
-1.46057
-0.502464
0.163815
-0.247431
0.0756163
-0.325248
-0.348603
0.193777
0.183112
-1.82468
-0.280217
-1.77705
-0.250865
-0.453492
0.282397
-0.345517
-1.12804
-0.459169
0.751338
-0.799353
0.117465
-0.00158141
0.942495
0.354877
0.334395
0.0392027
-0.0831221
0.438658
0.498071
-0.472607
1.59831
0.561591
0.769118
0.0831364
-0.0694493
0.254905
-0.368345
-0.894156
-0.228009
-0.29485
-1.72129
-0.26993
-0.305534
0.290902
-0.424093
-1.20287
1.08895
1.6801
0.610495
0.0428498
0.420934
0.922076
1.42042
0.174073
0.107646
-0.96893
-0.872749
-0.0159818
0.0665101
-0.0961785
-0.422154
-0.726708
-0.476652
-0.0770646
0.743613
-0.400509
0.636964
0.155247
-0.388726
-1.16215
0.658746
-0.629909
0.394714
-0.260975
-0.235891
0.544557
0.0264942
0.290098
-1.38908
-1.18504
-0.523444
-0.53042
-0.894869
-0.775813
0.954425
0.124319
0.167863
-0.203654
-0.194522
0.250862
0.403197
-0.103349
0.13881
-0.383191
-0.230707
0.413803
0.36483
-1.03981
-0.300243
0.420513
0.426282
0.616232
-0.0239591
0.625976
1.4848
0.399514
-0.432234
-0.371114
-0.123214
1.25149
0.507399
0.158892
-0.308177
-0.768372
0.234854
-0.0826268
-0.426346
-0.0214434
-0.738165
-1.29913
-0.139835
0.649065
-1.61619
0.0986204
-0.703599
-0.206126
-0.863056
-0.0834415
-0.361717
-0.225505
-0.533253
0.964693
-0.642821
-0.730156
-0.692301
-0.375863
-0.0149529
0.248819
-0.142756
0.36505
0.212855
0.313116
0.69374
-0.105269
0.0431486
-0.192985
-0.894937
0.126154
0.05184
-0.190838
-0.398997
-0.685176
0.609092
0.477677
0.920823
0.0271776
0.657682
-0.597203
0.495602
0.919435
-0.250039
-0.885151
0.794786
-0.927807
0.436319
0.242563
-0.413312
-0.760167
0.0597434
0.719697
0.134331
-0.217955
1.16693
-0.26102
0.681669
-0.570799
-0.360913
-0.257412
-1.52355
-0.650842
0.392541
0.217985
0.0909206
0.0208876
0.534547
0.0705242
0.250839
0.454984
0.352907
0.600466
0.0557984
0.283139
0.633024
-0.167452
0.55386
-0.00699289
-1.02864
-1.13253
-0.328067
-1.12293
-0.345665
1.23418
-1.01783
-0.403462
-0.658024
-0.555656
0.21238
-0.168494
0.552165
0.634069
0.218669
-0.553251
-1.73027
-0.888245
-1.17979
0.164241
0.530616
1.24254
1.43547
-0.201435
-0.986769
-0.20024
-1.32658
-1.16305
-0.522453
-0.944332
