-0.15348
-0.0356026
-0.234724
0.107411
-0.0838995
-0.155234
-1.1718
0.0732891
-0.753199
-0.742547
0.211495
-0.142852
0.0564087
-0.379006
0.419692
-0.0177115
-0.0842094
-0.467209
0.366531
0.311522
1.15513
1.49766
0.986679
0.264171
-0.184731
-0.219397
-1.18886
-1.25313
0.513104
1.25039
0.133005
-0.352244
-0.373161
0.393638
0.746915
0.0559937
-0.641998
-0.374538
-0.397675
-0.991107
0.62139
0.725788
-0.320726
-0.696175
-2.11854
-1.9868
-0.47538
0.463675
0.584247
0.279344
-0.256991
-0.165902
0.381772
0.222548
-0.398392
0.260111
1.01327
0.516811
0.439693
0.194137
0.446214
0.827824
1.30922
1.11389
0.618558
1.13301
1.75281
1.02107
0.447467
0.962821
0.767463
-0.439245
0.534013
-0.0695854
-0.172952
0.488339
-0.97186
0.165947
1.10529
1.40261
-0.139684
-0.4513
0.468846
0.771263
1.54634
0.93613
0.204196
0.341816
0.610212
-0.488333
-0.0430821
0.15528
-0.275146
0.901171
0.533339
0.621206
-0.106741
-0.726662
-0.22696
0.080509
0.512691
-0.124233
-0.400593
0.0693421
0.777778
0.177933
1.50585
2.24135
1.29565
0.734656
-0.303933
-0.0108137
1.16835
0.263083
0.0988214
0.873105
-0.125216
-1.24865
-1.06626
0.199057
0.201859
1.36
0.77027
0.305924
0.0327835
0.00946184
-0.131717
-0.0991897
-0.610104
-0.428965
0.385804
-1.21075
0.09314
0.445866
-0.15737
-0.281186
-0.319419
-0.415526
-1.10633
-0.919131
0.588379
-0.718458
-0.891002
-0.0761099
0.415951
0.860028
0.666296
-1.356
0.858512
0.715806
0.3009
0.753541
0.775669
0.782676
1.40842
1.2138
1.15526
0.708239
0.646979
0.450764
0.528593
0.0383971
0.979072
-0.121734
0.509693
-0.238974
-0.815012
-0.527098
-0.38795
-0.431864
0.157768
-0.195452
-0.472562
-0.214047
1.36583
-0.0548429
0.279717
-0.362195
0.113791
-0.00251942
-1.10098
-0.188003
-1.14694
-0.407961
-0.0369084
0.564081
-0.10678
-0.534163
-0.274385
-0.203369
0.552468
-0.348363
-0.963156
-0.702017
-0.159867
-0.0937233
-0.739733
-0.169149
-0.418258
-0.104492
-0.869384
-0.324168
-0.285659
-0.192075
0.0661182
0.716915
1.80133
0.403334
-0.287901
-0.356278
0.0529671
0.507502
1.05715
0.850808
0.258129
1.11541
1.1536
0.438034
-0.304592
-0.424529
0.977521
0.650698
0.569663
0.643423
0.373524
1.58025
0.134842
1.43071
0.584256
0.796062
-0.284815
0.179825
0.604771
0.811815
0.228914
1.57489
0.308537
0.323102
-0.35247
-0.273133
-0.834461
0.0313253
-0.237246
0.427535
1.14195
-0.0286962
-1.0495
0.175074
-0.167152
-1.14039
-0.556651
-0.926747
-0.501983
0.00365172
-0.489212
-0.858407
-0.948315
-0.0158518
-0.0581336
-0.586924
-0.503909
-0.282819
-0.6913
-0.167341
-0.294382
-1.25996
-1.34977
-0.144886
0.109915
0.0158937
0.57885
-0.616627
-0.205965
-1.11802
0.386457
-1.86889
-1.10417
-0.869933
-1.14413
-0.91543
0.368295
0.326235
0.62224
0.651822
-0.141005
-0.538528
-0.399439
-0.7599
-0.964816
0.484735
0.410009
-1.25105
-1.43902
-0.757921
-0.770174
-0.330135
0.163338
0.0401875
0.750615
0.852737
0.138725
0.856848
0.704033
0.333995
0.418211
-0.252762
-0.318134
-0.39801
-0.959086
-1.72165
-0.17778
0.00363779
0.373312
0.138849
0.0287314
0.572446
-0.0768101
-0.238112
-0.371101
-0.516347
-0.838853
0.18139
0.916706
0.55568
1.72015
0.475824
0.496704
0.504942
-0.416969
-0.261081
-0.917063
-0.179187
-1.17382
-0.426317
-0.508487
-0.319046
-0.132197
-0.476994
-0.724681
-1.02848
0.236241
-0.899966
0.0176494
0.114625
0.195994
0.660215
0.191788
-0.25944
-0.395359
-0.17244
-0.118163
0.387229
0.159927
-1.10995
-0.335757
0.255562
0.382828
0.630197
-0.0992325
0.15786
-1.51335
-1.13529
0.0441757
0.0354943
0.609265
-1.02811
-2.4042
-1.764
-1.78532
-1.16103
-0.462334
-0.994585
-0.733563
-1.39973
-1.07043
-0.405456
-0.586709
0.0565028
0.406472
-0.384479
0.0883174
-0.53895
-0.451829
-1.15627
-1.00577
-0.166314
0.117368
0.157949
0.283967
-0.952944
0.0599514
0.0902563
0.779844
0.61849
-0.105646
-0.139007
-0.564893
-0.527927
0.317501
-0.0547823
-0.374808
-0.0834376
-0.31733
0.493266
0.180454
0.956214
0.51724
0.157676
-0.379107
0.210959
-0.745489
-0.572805
-1.64264
-0.769223
-0.0507047
0.218895
0.44812
0.299713
0.521674
0.587734
-0.376773
-0.34644
-0.361702
0.0788846
0.602163
1.12535
0.634223
0.072855
-0.463312
0.871024
-0.71168
-0.472195
-0.58591
-0.196842
0.236613
0.334496
0.0208781
-0.102777
-0.252811
-0.599097
-0.937513
0.291524
0.671135
1.10065
0.205894
0.383346
-0.668693
-0.514085
-0.137509
-0.824623
0.961227
0.246091
0.593251
0.206176
0.293599
0.0660065
-0.990622
-1.34772
0.313601
-0.229376
-0.981674
-1.20193
-0.733518
0.180255
-0.1695
0.557109
0.354466
0.330385
-0.102093
-0.799029
0.181987
-0.748624
0.720822
0.406559
0.96417
0.112839
-0.605527
-0.0819233
0.528142
2.00816
-0.35232
-0.0944762
-0.483025
0.289483
0.373661
0.590994
0.816184
0.0284991
-0.0593385
-0.867659
1.59577
0.609053
-0.201549
-0.303172
-0.567497
-0.346216
-0.265299
-0.421273
-1.11309
0.231704
0.828285
0.157392
-0.308874
0.43663
0.635012
-0.335609
-0.56018
-0.375663
0.549191
-0.0951788
-1.16763
-0.720392
-0.882902
-1.15742
-0.271606
-0.975631
-1.97333
-1.81889
-0.401742
-1.08803
-1.05888
-0.266201
-0.73338
-0.688313
-0.218347
-0.0642692
0.197751
-0.329201
0.311261
0.221909
-0.524387
0.11819
0.150107
-0.324234
0.250384
-0.439957
0.106272
-0.500359
-0.944302
-1.10607
-0.253419
-0.146357
0.599682
0.0105201
0.488295
0.643207
0.764078
-0.722844
-1.03826
-0.810592
-0.369845
0.206016
-0.387777
-0.580384
-0.7773
-0.834212
-0.379324
0.694678
0.523983
0.236384
0.162679
0.244304
1.09889
2.20204
1.27825
1.21756
1.0745
0.155647
-0.0269181
-0.644283
0.796501
0.163611
-0.142052
1.10007
0.345715
-1.17757
-0.926307
0.370836
-0.413268
0.198312
-0.185835
0.591161
0.640304
-0.0843937
0.251074
0.421809
-0.0140245
-1.00516
0.0797797
0.115777
0.00188668
-0.000744641
-0.173856
1.0388
1.39592
0.232895
0.0823798
0.177126
0.293858
0.0792115
0.329997
0.84741
0.466827
-0.605372
-0.121187
0.937273
-0.161621
-0.308894
0.647744
-0.145825
1.26219
2.07969
0.657405
-0.224107
-0.344312
0.28031
-0.19582
-0.317539
1.05156
1.89197
-0.28404
-0.170904
-0.914337
-0.823185
-0.696139
-0.353459
-0.438839
-0.544181
-0.936986
0.270819
-0.170394
0.182842
0.55409
0.430671
0.0283577
-0.57368
-0.486069
-0.505807
-0.110167
0.143197
-0.562612
0.00472372
0.504948
1.72897
1.8229
0.354441
-0.126008
-0.383907
-0.950903
-0.53874
-0.590083
-0.632351
-0.403912
0.109917
0.167347
0.246329
1.6896
0.00349005
0.0977914
-0.94057
1.27278
0.0641515
-0.321669
-0.460822
-0.253086
0.280611
-0.102889
-0.525568
0.288685
0.651526
-0.77989
0.0941961
0.764388
0.803697
1.10926
1.60995
0.165886
-0.336644
-0.18453
-0.843153
0.480646
0.444157
0.268551
-0.431035
0.725769
1.59151
0.831031
0.827041
1.39326
-0.228786
1.54729
0.85734
0.4135
0.177441
0.301378
0.280227
0.934444
0.78834
0.89932
1.02775
-0.211908
1.00307
-0.364001
0.166982
-0.949731
-0.734963
-1.22041
-0.740479
-0.508464
0.137683
0.0475356
0.570824
0.606051
-0.431483
0.150793
0.766866
0.187568
1.13372
0.33105
0.86886
0.0195076
0.715614
0.165462
0.456254
0.580748
0.171993
-0.270672
-0.433771
-0.225264
-0.371839
1.35486
-0.170427
0.130205
0.35853
-0.468322
-0.949835
-0.369005
1.18175
1.90029
1.12358
-0.77113
-0.0914861
0.332189
-0.371521
-0.776656
-0.419655
-1.04577
-0.100257
0.749523
-0.529309
-0.760758
0.0509933
0.116209
-0.0351282
-0.83095
-0.936735
-0.649012
0.241541
-0.226162
-0.690988
-0.322785
-0.601558
-0.285639
-0.246875
-0.0308255
0.0927829
-0.464613
0.400208
0.135563
0.263448
0.892036
0.728271
1.06834
0.395932
-0.547883
0.733791
1.02671
0.594087
0.21039
0.446868
0.422254
0.545163
0.696622
0.288118
-0.137901
0.698143
0.721568
0.463596
0.386855
0.267381
-0.425959
-0.296559
-0.746088
-0.523359
0.114581
0.185875
0.755905
-0.455946
-0.291047
-0.153086
1.59349
0.135664
-0.466719
-0.375854
0.0866701
-0.10682
0.147265
0.137978
1.26321
1.15333
0.996755
0.289921
-0.146682
0.789825
0.522889
1.6246
0.69976
0.647955
0.281166
0.887294
0.630079
1.06676
-0.0256568
-0.420898
-0.818974
-0.968511
0.140062
0.528543
0.202257
0.415107
-0.39598
-0.0892676
-0.464489
-1.53989
-0.387481
-0.469072
0.0195461
-0.696253
0.464962
-0.547628
0.490505
0.237382
0.449666
-0.538018
0.0675496
-0.128203
-0.587993
-0.57368
0.0687482
1.32586
0.28199
0.224032
-1.00557
-0.74548
-1.01273
-0.65766
0.154823
-0.789227
-0.229514
0.349169
-0.286054
-0.917603
0.394727
1.42178
0.259097
0.687227
0.139906
-0.00242624
0.456594
-0.0955382
1.29514
1.35857
0.927091
0.568783
1.49249
1.35863
1.12165
1.02539
0.50433
1.30311
-0.650005
-0.0964481
-0.00540339
0.993177
0.0339125
-0.236565
-0.371017
-1.26122
-0.7589
-0.0396343
0.847686
0.464429
0.89327
1.18724
1.04526
1.23144
1.30831
-0.324496
0.258717
0.36204
-0.708154
-0.236972
-0.175303
0.0463528
-1.41404
-0.339401
0.227779
0.128111
-0.102441
-0.15773
0.874051
-0.171343
1.21326
1.19765
1.51337
0.32804
0.338758
0.854486
0.1824
0.510529
0.397133
-0.126359
-0.517199
-0.586358
0.0947104
0.656009
-0.641305
0.596568
0.756754
0.514547
-0.172316
-1.12423
-0.770439
0.59043
0.409157
1.03635
-0.116283
-0.673393
-0.854135
0.123324
0.861868
0.261336
-0.0907158
-0.317875
0.175755
0.135355
1.12509
0.525855
0.660774
0.995373
1.32027
0.854917
-0.073325
0.96288
1.08255
0.632426
1.2875
-0.00309393
0.29996
1.12016
0.429159
0.742197
0.807218
1.03147
1.36774
1.48605
0.958878
1.52981
-0.407768
-0.633451
0.736914
1.24512
0.583998
0.615252
-0.218719
-0.032977
-0.824049
0.51934
0.520771
1.78853
0.501414
0.291803
0.57077
1.35901
-0.378589
-0.00017408
0.445733
1.0095
0.0127393
0.346693
-0.205189
0.312308
0.905281
0.527827
0.305522
-0.697498
-0.672418
0.234417
0.360932
0.24194
