0.21503
-0.140596
-1.21637
0.206875
0.77387
0.183146
-0.559293
0.987938
0.210259
-1.02722
0.296332
-0.279293
-0.024327
-1.20855
-0.992431
-0.48226
-0.519684
1.08222
0.151543
-0.24722
0.60668
0.0864826
-0.155568
0.857007
0.142807
1.73511
0.804288
-0.268314
0.438811
-0.341672
-0.675594
-0.570785
-0.362674
-0.555406
-0.907748
-0.993184
0.0313504
0.556227
-1.89965
-1.36685
0.920445
-1.23151
0.110386
-0.285434
-0.141645
-0.263821
-0.381782
0.235873
-0.80415
0.131455
0.447574
0.0387601
0.708956
1.04577
1.37014
0.927038
0.409194
1.13862
-0.518214
-0.308278
0.454441
-1.0127
0.197096
-0.185405
-0.437611
1.11456
0.822302
0.107048
0.11973
0.189339
-0.573117
-0.349709
0.0788675
0.634903
-0.602097
-0.629248
0.148657
-0.243275
-0.00248596
0.144662
-0.0459062
0.276327
-0.00287541
0.141878
-0.60336
-0.011231
1.13342
0.2138
-0.670344
-0.995799
0.859666
1.66151
-0.630154
0.694
-0.636056
-0.0352282
-0.175864
-0.0365052
0.78322
-1.56397
-0.133757
0.952677
-1.6086
-1.24658
0.313673
0.0357767
-0.419881
-0.411374
0.364923
-0.625669
0.717149
0.203975
1.5426
-0.212402
0.257377
0.280826
-0.193527
-0.550547
-0.856109
1.30915
-1.85712
-1.06701
0.381632
1.13612
-0.673906
-0.946064
0.589264
0.422476
-2.03515
0.226965
-0.685338
-0.327382
0.49109
-0.54022
0.905619
-0.203741
-1.31726
-0.132511
0.395885
-0.677922
-0.0542484
0.264563
0.170482
0.638109
-0.266548
0.129722
-0.661706
0.833007
0.299074
-1.01001
0.397958
-0.559325
0.470552
0.350339
0.635923
-0.152156
0.876765
0.371877
-0.0278703
-0.449109
0.518984
0.260184
-0.839409
-0.297789
1.12677
1.14246
-1.0317
-0.120694
1.57437
0.206289
0.514988
-0.478015
-0.566883
1.14816
-1.41713
0.340086
-0.56685
0.906376
-0.449129
-0.318825
-1.16285
0.593922
-0.358527
-0.762051
0.68394
1.63939
-0.395022
-0.925807
-0.722925
0.552404
-0.237692
0.456077
0.150948
-1.84547
0.434819
0.0287834
0.521748
-1.15418
-0.617626
0.635274
0.660021
-1.12395
0.918598
-0.0331982
-0.32989
-1.04114
-0.0129296
-0.331828
0.588754
1.18805
-1.33676
-0.0842227
-0.0663689
0.800927
0.724003
-0.0855951
-0.440347
-0.143203
0.564518
-0.192603
-0.120164
0.543516
1.15052
0.393239
0.213869
0.0996231
-0.195183
0.274565
0.477839
0.593632
0.0908512
-0.0862923
0.316293
-0.321454
-0.870755
0.0648223
0.790378
0.165965
0.876195
0.444522
0.292517
1.04093
0.168594
0.749788
0.943522
-0.30799
-0.0523888
-0.709603
0.332923
-0.104686
0.388602
0.121584
-0.855793
-0.348294
1.1452
0.308573
1.06566
-0.174165
-0.489348
-0.830548
-0.367598
0.276552
-0.55037
-0.244426
1.56722
-0.261875
0.169391
-0.521036
-0.101093
0.999976
1.40919
0.356422
0.46649
-1.17798
0.735884
-0.0703858
-1.56356
0.340356
0.164892
0.120208
-0.148756
0.284005
-1.26862
-0.334272
-0.870819
0.838484
-0.0927382
1.42585
0.730121
0.342055
-0.228889
-0.830158
0.224078
-0.219767
-0.639805
-0.718497
-1.07316
-0.216766
-1.12229
0.354808
0.839257
-1.01421
0.183238
0.299267
-1.154
0.713484
0.461399
-0.538247
0.649576
-0.115365
-0.185682
-0.0994478
0.89073
-0.0905114
-0.269008
1.51302
-0.169097
-0.462653
-0.0322372
-0.48414
0.307324
0.736671
0.341607
-0.994244
0.230983
0.844162
0.291656
0.29228
-0.05135
-0.457602
-1.31197
-0.632385
0.105488
1.9413
0.42643
0.0574122
0.951646
-0.420404
-0.853398
-0.756204
-0.66556
-0.615499
0.463637
-0.668365
0.869171
0.509375
-0.335757
-1.03487
0.86186
-0.722756
-0.148597
-0.0926587
0.75489
-0.309904
0.206258
-1.09107
0.902448
0.0398889
0.679853
1.41528
0.303646
-0.462312
0.248093
0.777089
0.54946
-0.499054
-0.810316
0.592788
-0.201602
0.579082
0.933296
0.697218
0.646095
0.13855
0.336564
0.740383
-0.0771476
-0.119836
0.407442
-0.0951221
0.235722
0.77943
-0.263316
0.372722
0.149327
0.848018
-0.334292
-0.261216
-0.434906
0.346999
0.880321
-0.411338
1.12893
0.27137
0.0342142
0.584387
0.0580191
-0.302284
0.976963
-0.290125
0.0212483
-0.478705
0.0616926
0.301152
1.06749
0.491146
0.485564
-0.868361
-0.478882
1.0112
-1.00241
-0.945348
-0.405425
-0.768271
-0.0191286
0.548209
0.226639
-0.0434957
0.0571169
0.341217
-0.715139
0.542029
1.76561
0.322625
-1.26921
-1.67673
-0.444481
0.555657
-1.13689
1.33188
0.269376
-0.249715
0.254969
-0.202461
-0.27512
-0.131286
-1.06312
-0.0937719
0.526526
-0.502825
0.420867
0.348017
-0.145696
0.0594663
0.417683
0.320226
0.322359
1.75531
-0.143558
0.522692
1.97189
0.941116
0.275694
0.482879
-0.588222
-0.190183
0.504678
-0.341768
-0.0674606
1.66063
-0.134322
0.0453363
0.704803
0.304694
-0.583889
-0.985182
0.892046
0.213178
0.245758
0.504188
0.105848
0.000293468
-0.720627
0.0235301
-0.708404
1.12337
0.272283
0.595073
0.0807287
0.204822
-0.804705
0.611541
0.288942
0.270156
1.08312
0.478808
1.69238
-0.994508
0.106871
0.653404
0.305295
0.178413
-0.144115
1.42214
-1.58185
0.453971
0.684517
1.11696
0.875685
-0.221056
0.445842
-0.413839
-0.787942
0.91314
-0.107444
-0.174391
0.394592
1.48229
0.0128595
-0.0473816
-0.86936
0.231819
-0.263802
0.175017
-0.8566
0.098773
0.998263
-0.964771
-0.295447
-0.381069
0.373033
-0.614288
0.670536
-0.245542
-0.16898
-0.670467
-0.250851
0.391239
-1.21632
-0.152938
0.233799
-0.2472
0.792408
-0.776354
-0.317152
-0.340117
-0.648611
2.02457
-1.0169
0.579832
1.10137
1.06046
1.05275
0.0636717
-0.162425
-0.673806
0.650821
0.0804508
-0.985622
0.0758792
0.426415
0.661876
0.460686
-0.402402
1.37784
-0.595506
-1.5053
-1.02009
-0.370892
0.652559
-0.8469
-0.992657
-0.459271
-0.305505
0.0963952
-0.263496
-1.38206
-0.248548
0.741247
-0.634819
0.00125338
1.04481
-0.169487
-0.747151
-0.673404
1.29902
1.2889
-1.18798
0.38104
-0.790595
0.303234
-1.24777
0.24753
-0.465042
-0.665345
-1.17143
-0.316113
0.465294
0.752039
1.34414
0.886505
-0.526826
1.24511
0.423764
-1.33109
0.557118
-0.0968085
-0.636827
-0.18719
-0.234813
-0.913542
0.427114
0.798388
-0.704461
0.153943
-1.18262
1.15269
-1.18181
0.212479
1.2593
-0.508702
0.317762
-0.0502079
1.04843
-0.193856
0.34187
-0.0777133
0.196012
-0.0131332
0.833552
0.280346
1.00819
1.01504
0.782231
0.503423
0.206735
-0.97073
-0.0073018
-1.23861
-0.0508659
-0.718486
-0.05067
0.249959
0.204768
0.535197
0.860524
-0.321858
1.22948
0.558878
0.0242859
-0.328881
-1.47138
0.274222
-1.79176
0.587113
0.174077
-0.115766
0.743385
0.612455
-0.557297
0.122457
0.345304
-0.735377
-0.0555846
-0.669956
-0.36709
0.260495
-0.871401
-0.876833
0.909581
-0.270937
0.727686
0.173984
0.808529
0.260346
-0.699546
0.487852
0.507808
-0.0806414
-0.146011
-0.820222
-0.00165929
0.240187
-1.14734
0.594838
0.0761008
1.15655
-0.57676
-0.0754132
-1.43756
-1.74534
-0.215947
0.439862
-0.248798
0.713455
-0.00254037
1.17619
-0.00107951
-0.868352
-0.115815
0.290049
-0.253854
-0.359194
-0.187219
-0.509487
1.06693
-0.48237
0.404576
-0.865522
-0.0898711
0.849124
-0.619824
0.296534
-0.746643
0.0788551
0.872731
0.263766
-0.100269
0.776231
-0.56994
0.482509
-0.284591
-0.913379
1.29703
-0.209272
0.22059
1.05707
0.853242
-0.816311
-0.438434
0.551405
-0.651861
-0.50063
-0.965552
0.597881
-0.651353
0.693527
-0.575071
-0.0729098
-0.177399
0.378871
-0.228355
0.418571
0.827775
1.15018
0.238197
-0.421649
0.368794
-0.125348
0.369961
0.115108
0.783665
-0.0723715
0.639789
-0.245267
-1.64442
-0.552929
-0.419725
-0.651521
-0.832462
0.2758
-0.661913
-1.12777
0.0742144
-0.244939
0.636991
-0.489693
-0.090572
0.687842
0.320472
1.27249
0.243745
0.467466
-0.441426
0.176439
-0.585472
0.45902
0.0473572
0.0109259
0.152573
0.942499
-0.933416
0.856751
0.788619
0.629987
-0.179507
-0.977271
0.687194
0.0805536
-0.578934
-0.255874
-0.0698998
-1.08527
0.430449
0.978704
0.369524
0.979768
0.14977
0.804804
0.58093
0.813032
1.26557
0.591655
0.0172009
-0.0462755
-0.477779
0.791301
0.0753112
-0.250389
-0.166804
0.41811
0.79197
-0.852931
-0.548752
0.385124
0.825575
0.014381
-0.367932
-1.17493
0.321721
-0.555369
0.927687
-1.1459
0.813058
-0.630317
0.354433
0.365336
-1.25672
-0.15805
-0.558527
0.350419
-0.0481433
0.484568
0.282609
-0.702679
0.608015
0.402902
-0.74474
-0.288865
-0.315409
-0.153328
-0.496837
0.67732
1.09975
-1.92598
-1.1214
0.292925
-0.181426
0.476249
-0.461314
-0.220151
-0.0516267
0.156144
-0.97524
0.119433
0.556914
-0.268339
-0.190084
0.53265
-0.959789
1.74475
0.0283386
0.172442
-0.687597
1.23515
0.319109
0.0654149
-1.33293
1.30084
0.205491
-0.590639
-0.805775
0.138889
-0.69131
0.34364
-0.706293
0.365279
-0.162674
-1.06477
0.224116
-0.393452
0.366831
1.14036
0.904433
0.118708
0.317582
-0.758772
-0.263652
-0.0157381
0.687068
0.203938
-0.00896072
-0.55314
-1.28325
-0.458879
-0.548315
0.939052
-0.395794
-0.934996
-0.0793303
-0.337269
-0.765328
0.0841812
0.351672
0.426148
0.704272
-0.00905939
0.148909
-0.231505
0.0808855
0.494066
-0.882006
0.104422
-1.42349
0.25571
-0.256882
-0.499213
0.604304
0.0579616
-1.25154
0.858504
-0.561323
0.478286
0.450789
-0.793957
1.28569
0.195091
0.069577
0.426039
0.543113
0.511924
0.897462
-0.47968
-0.0301055
0.759437
-0.278979
-0.361288
0.606703
1.49611
-0.349532
-0.483465
0.103981
0.504228
0.05598
-0.660601
-0.0718307
-0.0703725
-0.326369
0.349729
-0.666974
-0.579683
0.916542
0.198029
-0.306716
0.223438
-0.491673
-1.19871
0.239299
-0.108691
0.825427
-0.46908
0.228645
-0.0033846
-1.24296
-0.493285
0.962225
0.043355
-0.634476
0.22203
0.470438
-1.02572
0.804729
0.159262
0.399714
-0.380347
-0.570227
0.562357
-0.216667
0.68601
-0.630427
0.694391
0.0779856
0.428263
0.271951
-0.0579557
-0.79205
0.0524441
0.219716
0.463813
-1.53165
0.0655427
0.743081
0.0895318
-0.485603
0.273196
0.147962
0.735533
1.12929
0.753456
1.4582
0.408573
0.409901
0.835856
-0.869825
-0.014341
0.114921
-0.20239
-1.22154
0.571244
0.431066
