0.284796
0.619119
-0.202209
-1.05521
-0.457459
-0.579387
-0.155759
0.127892
0.181682
-0.555877
-1.63647
-1.70485
-1.38649
-1.03489
-1.03802
-1.67787
-0.835079
-1.60227
-1.98687
-1.45591
0.243939
-0.350442
0.0954885
-0.597919
-0.342481
-0.599715
-0.351448
-0.752889
-0.61083
-0.0599653
1.59576
1.10908
0.67402
1.11531
1.1533
1.59672
1.67761
1.85711
0.753962
1.68832
0.0969548
-0.767429
-0.707871
-0.0791191
0.0668816
-0.271745
-0.905106
-0.631868
-0.0418543
-0.728035
1.76069
2.03686
0.921386
0.467151
0.194821
0.223159
0.753103
0.774559
1.0086
1.04455
-0.567996
-0.894377
-1.28319
-1.60377
-1.56129
-1.27914
-1.47457
-1.82737
-1.2371
-0.969501
0.055651
-0.479285
-0.319145
-0.980072
-0.146457
-0.425794
-0.186495
-0.481473
0.0129013
-0.0158521
1.17764
2.00185
1.94611
2.2807
2.3373
2.20146
1.66613
1.08816
0.79865
1.26299
-0.232667
-0.296568
0.409098
0.264789
0.861666
1.23077
1.21243
0.40257
0.589433
-0.557483
0.685683
0.524147
0.521319
0.014476
0.322886
0.415814
0.412809
0.289768
0.634957
1.01172
0.0950267
0.482203
0.781666
0.819479
0.21774
-1.03006
-0.919014
-1.0923
-0.644412
-0.360855
0.451577
0.392761
0.359802
0.378523
0.5831
1.01332
0.776887
1.36459
0.797017
0.811113
-1.56011
-0.90511
-0.837618
-1.52506
-2.20098
-2.44644
-1.1812
0.246396
0.504294
-0.852088
-1.47336
-0.340725
0.155335
-0.462786
-0.163221
-0.258573
-0.982355
-1.27597
-1.16784
-1.03244
0.766258
-0.0505179
-0.403642
-0.525237
-0.26592
0.19188
0.174606
0.088435
0.945696
0.788442
-1.56535
-1.07594
-1.29542
-1.05572
-1.50048
-1.12328
-0.741884
-0.667298
-0.626645
-1.00284
0.704099
0.0473264
-0.011318
-0.798121
-0.952654
-0.982901
-0.0467942
0.899562
0.921004
0.631306
0.0400546
-0.52418
-0.728796
-0.394775
-0.52642
-0.675621
-0.643198
-0.241061
-0.400208
-0.259208
-0.622062
-0.992079
-1.34902
-1.35547
-1.28007
-0.820368
-1.11837
-0.668595
-0.257594
-0.594912
0.940184
1.34727
0.424215
0.880906
0.279815
-0.533988
-0.334605
-0.510991
0.0311155
0.213569
0.699371
0.194844
0.00703177
-0.673477
-0.27485
-0.26689
-0.129756
-0.0500504
0.379509
0.182685
-1.41265
-0.504306
-1.21865
-1.58841
-1.58231
-1.36441
-1.01883
-1.59476
-1.83473
-1.77805
-0.192681
0.134342
-0.322435
-0.0345564
0.150033
-0.493671
-0.368305
0.131262
0.139657
-0.234397
0.00388558
0.283072
-0.0669753
0.304927
-0.513249
-0.273679
0.221419
-0.108652
0.343683
-0.263377
0.42952
0.14723
0.0366285
0.391755
-0.0344299
-0.16159
0.25357
0.349343
-0.035597
0.784051
0.696574
0.700895
0.726365
0.973446
0.224143
0.558291
0.954427
1.68051
1.95354
1.40669
-0.0554816
-0.52934
-0.0630058
-0.784949
-1.12115
-1.1272
-0.0749766
-0.473347
-0.767416
0.317608
-0.0101448
0.171543
-0.413855
0.198692
0.124702
-0.318632
-0.146559
-0.0419768
-0.000926358
-0.0689875
-1.92315
-1.27861
-0.55395
-1.24338
-0.661842
-1.03631
-0.811271
-1.62389
-1.82733
-1.51927
-0.177611
-0.186569
0.288964
0.268789
-0.529663
-0.401407
0.218883
0.535514
0.351076
0.907565
0.885168
0.971993
1.04281
0.653348
0.259237
0.463168
0.917492
0.737225
1.31932
0.820421
-0.476
-0.271309
-1.0135
-0.959135
-0.816255
-0.529509
-0.694137
-0.0668331
-0.236842
0.0906862
-0.485704
-0.0564192
-0.682861
-0.186873
0.178633
0.22271
0.165202
0.146915
-0.51541
0.248628
1.25561
1.2082
0.872344
-0.0639886
0.514399
0.821237
1.37542
0.638593
0.26446
0.776825
-0.0544755
-0.546541
-0.494996
-0.285975
-0.16806
0.0757835
0.626187
-0.0798776
-0.112083
-0.173793
1.77834
1.16499
-0.00513949
0.524484
1.26606
0.987131
1.79186
2.13198
1.8257
1.68923
-0.0946368
-0.684508
0.176273
0.184652
0.28304
0.505221
1.0479
1.02825
1.30549
0.214407
0.529916
0.354941
-0.416972
0.0148186
0.264431
0.738834
0.954838
0.106642
-0.290024
0.0489995
0.244624
-0.696184
-1.42674
-1.32871
-0.276384
-0.251847
-0.151009
0.0653425
0.0188892
0.474118
-0.582346
-1.04491
-1.14567
-1.30881
-1.33509
-0.540092
-0.854498
-1.02555
-0.97587
0.0801029
0.667669
1.03136
0.788135
0.312621
-0.268858
-0.0260557
-0.478987
-0.0196601
-0.0619587
0.0806745
0.524236
0.831607
0.067773
0.47894
0.347983
0.412803
-0.64823
0.419046
0.412537
0.801315
-1.53842
-1.18787
-1.36156
-0.82597
-0.48833
-0.48138
-0.803558
-1.1602
-1.56108
-2.26873
-1.50612
-0.730566
-0.0139414
0.190263
-0.0637019
-0.955711
-1.34833
-1.67215
-0.755567
-1.3222
-0.486288
-0.452991
-0.453557
-0.205094
0.0975437
0.465467
0.827318
0.383766
-0.543921
-1.31465
0.486364
0.805325
0.851391
0.504079
0.470822
1.01239
1.51406
1.41683
1.32644
1.09815
0.684385
0.336418
0.902315
1.07369
1.35915
0.997593
0.699656
0.329959
0.399881
0.520271
0.146575
-0.312565
0.0511929
0.0453424
-0.284449
-0.39382
0.458206
0.49583
-0.122629
0.524345
0.990024
1.1481
0.550482
0.76881
1.32922
0.453784
0.841965
0.912282
0.910766
1.67128
-0.0761831
-0.42884
-0.00530993
-0.664203
0.15978
0.541728
0.0432162
-0.0789077
-1.18899
-0.55247
1.08559
0.205479
0.056159
0.17622
0.707143
0.60699
0.205005
0.412707
0.833499
0.724331
-0.998049
-1.26419
-1.5637
-1.55248
-1.76681
-1.13781
-0.736871
-0.456281
-0.680258
-1.0111
-0.00129762
-0.32444
0.103198
0.0816372
0.315289
0.410252
1.1542
0.97757
0.711686
-0.278335
-0.0482665
-0.717886
-0.621639
-1.06194
-0.459059
0.159645
-0.00661366
0.186413
0.455038
-0.0965125
0.659485
0.406178
0.114256
0.715276
0.20794
-0.151322
-0.195045
0.227542
0.413151
0.819396
-0.122671
0.176773
-0.126151
-0.355424
-0.463938
-0.383145
-0.186978
-0.247994
-0.110211
-0.529626
0.0228595
0.759833
1.33889
0.651176
0.45587
1.17839
1.12359
0.741467
0.600385
0.950146
0.161346
0.626727
0.228103
-0.122228
-0.282426
0.610197
-0.444412
0.31287
0.334246
0.530647
0.490287
-0.00838014
0.320688
0.616335
0.918881
0.360065
0.258214
-0.112373
0.308842
0.649254
-0.556923
-0.378646
0.413739
0.202135
0.374089
0.170786
0.310045
-0.078079
-0.303867
-0.0807653
-0.472851
-0.946772
-0.616496
-0.641855
-0.313538
-0.117892
0.331241
-0.203595
0.306408
-0.0266923
0.52614
0.950374
1.12438
0.505884
0.927664
0.331003
0.37508
0.870902
0.279665
0.640357
-0.0559553
-0.274549
-0.25325
0.157331
0.173726
0.864833
0.688293
0.410091
0.178653
0.0984809
-0.0361326
0.453945
0.569479
0.093612
0.907986
0.400268
0.936779
0.492666
-0.22379
0.211098
0.486243
-0.457366
0.405406
0.272008
-0.151282
-0.262378
-0.345862
-0.621208
-0.423172
0.232188
1.00962
0.379207
0.0667963
-0.614618
0.0828562
-0.842275
-1.03658
-0.389888
-0.391226
0.664808
-0.236645
-0.13759
-0.255041
-0.445762
-0.117909
-0.180434
-0.331635
-0.299575
-0.722333
0.103996
0.3907
-0.566996
-0.698346
-0.499752
-0.315918
0.563671
-0.295901
-0.0603955
-0.198956
0.21654
1.00589
1.02565
0.632598
0.72173
1.00076
1.11075
0.796212
0.952864
0.963986
0.578296
-0.0591285
0.088786
0.595803
0.246559
0.914525
0.176186
-0.504289
-0.484146
0.312106
-0.171783
-0.5423
-0.421251
0.426931
0.571685
0.124248
0.433385
0.970404
0.526917
0.216452
0.179667
-0.0419803
-0.605051
-0.560063
-0.873786
-0.934182
-0.970214
-1.20806
-0.919355
-0.661013
-0.53468
-0.800016
-0.973362
-0.987765
-0.0872276
0.409145
-0.00393751
0.789954
1.11544
0.782678
0.076742
-0.731127
-0.0561305
-0.824473
-0.738855
-0.507338
-0.874729
-0.747535
-0.65374
-0.565659
-0.419001
1.53998
1.67303
1.75983
1.17073
1.10053
1.05183
1.69207
1.40371
1.45029
1.54747
-0.575561
0.216408
0.447184
0.884692
0.372092
-0.531952
-0.0949149
0.167684
0.265039
-0.00365729
0.717787
0.54221
0.240254
0.3634
-0.299984
0.223351
-0.0893694
0.175177
0.296486
0.318873
-0.566643
-0.229902
-0.118955
-0.23563
-0.0816156
0.62975
0.502315
-0.0298842
0.148129
-0.720855
0.412579
0.0315816
-0.0280224
-0.188437
0.15734
0.584744
0.068115
0.148428
-0.257648
0.698733
-0.0670534
0.356275
0.92082
0.549068
0.165505
0.217874
0.290934
-0.701802
-0.51087
-0.821042
-0.592779
-0.288239
-0.347682
-0.405494
-0.137649
-0.403643
-0.244483
-0.0569549
0.0124301
0.648672
-0.272189
-0.0933922
-0.613928
-0.141829
-0.0898202
-0.0842772
-0.536223
-0.39693
-0.30659
-0.335926
-0.414477
-0.313516
-0.097992
-0.501948
-0.349152
-0.68125
-1.01538
-1.91305
-1.66337
-0.680584
-0.714081
-0.537261
0.0568887
0.355497
0.324504
0.0992041
-0.250096
-0.337247
-0.0862311
-0.338568
0.698566
0.743336
0.92515
0.484164
0.506538
0.139041
0.524119
0.472369
1.00237
0.894735
-1.57989
-2.14548
-2.18032
-1.55253
-1.10319
-0.813913
-1.42964
-1.05795
-1.51594
-1.39788
1.04478
0.633973
0.201342
-0.519424
-0.308864
-0.455129
-0.0107988
-0.341214
0.285871
0.478746
-0.271234
-0.935213
-0.15709
-0.655453
-0.508386
0.200769
-0.213443
-0.665432
0.511257
0.128056
0.0185836
-0.0453687
0.12118
0.077897
0.490085
0.641958
0.407702
0.191858
-0.266854
-0.458144
-0.7256
-0.195767
-0.0157025
-0.219202
-0.508111
-0.396576
-0.281944
-0.647483
-0.616536
-0.584065
-0.559939
-0.391615
-0.0502546
0.528997
0.329812
-0.144448
-0.57979
-1.01213
-0.992497
-0.479487
-0.151404
-0.449463
0.0155236
0.176505
0.238941
-0.325731
-0.362393
-0.394773
-0.610769
-0.392277
0.0494561
0.854747
0.695116
0.714952
0.315931
-0.579842
-0.822005
-0.375527
-0.213883
-0.476562
0.941115
0.628213
0.671443
-0.0820304
0.0141789
0.37005
0.137
0.87729
0.95418
0.421979
0.344118
0.593305
1.24842
0.410229
0.248034
0.749239
0.0417096
-0.376789
0.380786
0.286511
-0.41367
-0.190185
0.13984
0.369651
0.840542
0.621099
0.37222
0.785894
0.630764
-0.376909
-0.225381
0.0186009
0.579629
0.900506
0.276443
-0.0546175
0.430325
0.778717
0.225827
-0.227061
1.42131
0.60477
0.476145
0.488622
0.654291
0.706408
0.581385
1.28007
1.05627
1.88273
0.608618
0.600629
0.431663
-0.40302
-0.364291
-0.0941047
-0.0829755
0.0124109
-0.144874
0.302477
