0.744333
-0.0562924
0.788726
0.477258
0.919997
0.880954
0.579649
0.16902
1.13787
0.708893
-0.660432
-0.881389
-0.796596
-0.0620728
0.815691
0.789203
-0.190741
-0.688647
-1.47195
-0.733468
0.329382
0.665038
1.03192
0.471596
0.550467
-0.19967
0.249208
-0.460529
0.000333881
0.355036
0.436094
0.321605
-0.490747
-1.02031
-1.10611
-0.421532
-1.99685
-1.11154
-0.105049
0.203936
-0.295051
-0.603158
-0.949431
-1.43599
-0.447279
0.728039
-0.0495642
0.822332
0.77363
0.751687
0.443905
-0.553004
-1.0055
-1.02783
0.232408
-0.964416
0.108386
-0.252499
-1.07738
-1.20824
0.0121882
0.122532
0.733348
0.718926
0.456771
-0.419147
-0.256827
0.015027
-0.290903
0.688899
-0.620789
-0.353424
-0.700902
-0.900609
-1.04695
-0.977319
-0.617779
-0.415323
-0.846578
-0.798761
0.0414351
0.443547
-0.342972
-0.47647
0.0217986
-0.796131
-0.489289
-0.251682
-0.00583559
-0.0655264
0.292143
0.580484
0.849247
-0.140956
0.0591627
-0.538221
-0.959467
-0.203964
-0.749193
-0.027116
-0.0190833
-0.405587
0.000282368
0.739749
0.802939
0.5256
-0.402705
-0.910477
-0.767099
-0.789769
1.09819
0.348702
-0.281688
0.225298
0.955927
0.00551209
-1.13493
-1.53008
0.0993632
0.502396
1.29515
2.06997
1.37877
1.43983
1.39081
0.796345
1.52486
1.22885
0.549665
0.7464
0.876886
0.405441
0.567542
0.33002
0.1436
-0.786915
-0.398869
0.747444
1.1262
0.87768
0.904665
0.765287
0.715879
1.01162
0.0744059
-0.291792
-0.516754
-0.16521
0.415265
0.865359
0.459572
-0.194342
-0.585277
-0.734476
-0.591435
-1.01353
-0.750223
0.0810217
-0.0983584
0.380248
-0.30905
0.205338
0.133342
0.575106
0.699712
0.551867
1.60545
1.07303
0.244784
-0.633032
0.491274
0.385592
-0.301763
0.150674
0.293192
0.130523
-0.243127
0.589972
-0.399472
-0.0676549
0.454566
0.0191929
-0.42575
0.729849
1.3684
1.07183
0.401208
-0.610464
-0.50214
0.214609
-0.374825
0.422273
0.175811
0.533653
1.15596
0.244421
0.383589
0.0502123
-0.141037
0.0429539
0.268812
-0.0253199
0.340289
0.237502
0.477594
0.0596676
0.710384
0.0643364
0.190998
0.0339492
-0.0376595
-0.872139
-0.1374
-0.578889
0.14459
-0.2143
-0.275496
0.276799
-0.674498
-0.242418
0.442812
-0.175032
-0.561284
-0.12207
0.635712
0.588322
-0.212367
-0.566356
-0.62972
-0.357495
0.307583
1.02412
1.36281
0.846482
0.884627
0.533337
0.386828
0.864215
0.216405
0.567255
0.692672
0.717383
0.591733
1.24865
0.441214
0.676253
0.864266
0.107829
-0.0230436
0.124854
0.0035459
-0.10797
0.453767
0.141026
0.476988
-0.0617351
-0.16908
-1.10031
-1.0848
-0.958569
-0.402384
0.258874
0.782641
0.546816
0.327773
0.519904
-0.124533
-0.967606
-0.74402
0.0648511
-0.34251
-0.0683057
0.0529362
0.456599
0.369778
-0.556085
-0.0126947
-0.306928
-0.00616718
0.197935
-0.00864319
-1.06881
-0.236998
-0.314217
-0.975086
-0.510349
0.288769
0.570066
-0.0894435
-0.515366
0.380963
0.417313
0.568834
1.39572
-0.0564039
-0.179267
0.515895
0.41777
0.602854
1.51374
1.43518
0.791486
-0.0287205
-0.553612
0.00420131
0.482069
0.720359
0.162842
0.194731
1.16708
-0.0428933
-0.457895
-0.0941602
0.186578
0.0111267
0.46646
0.533359
0.549969
1.39267
0.628928
0.30611
-0.610027
-0.468572
-0.707652
-0.684618
0.0201212
-0.145355
0.571212
0.150903
-0.0705399
0.322869
0.128496
0.862383
0.962559
0.00320853
0.078602
-0.0407402
0.307549
0.234135
-0.124633
-0.525373
-0.328978
0.0933823
-0.250378
-0.778876
-0.724618
-0.378062
-1.01997
-1.69558
-1.02417
-0.15871
-0.667518
0.0644952
-0.0655709
-0.0863349
-0.329575
-0.310112
-0.756972
0.282075
0.0178814
-0.676505
-0.411772
-0.147611
-0.148787
0.93492
1.28603
1.06558
0.65515
-0.107903
-0.44438
-0.355098
0.761566
0.737079
-0.0611632
1.00763
0.622541
1.40517
1.63576
0.740447
-0.463898
0.457564
-0.53689
-0.668265
-0.320457
-0.657823
-1.27314
-0.808797
-0.092466
0.693508
1.15133
-0.459648
-0.133328
-0.699512
-0.840501
-0.56281
0.0415009
-0.130216
-0.31637
-0.794926
1.09622
-0.669059
-1.3341
-0.610451
-1.23202
-0.654101
0.26074
-0.0954807
0.0413957
-0.254599
0.249768
-0.272558
-0.337733
-0.599743
-0.335734
-0.0201142
0.224291
-0.318579
-0.196705
-0.493419
0.27888
-0.892291
-0.268498
0.329733
-0.0332202
-0.175199
1.01877
0.330042
-0.251736
-0.582876
-0.994651
-0.23937
-0.378352
-1.08351
-0.881227
-1.55762
-1.14689
-0.834189
-0.474502
0.341051
-0.468555
0.242418
0.860143
0.032312
-0.948399
-0.838068
-0.864722
-0.924132
0.0142113
0.550628
-0.00862427
0.786625
0.406694
0.411471
0.398833
0.781214
-0.0569718
-0.679669
-0.794291
-0.757531
-0.0709333
0.936223
0.245838
-0.425854
-0.445401
0.537032
1.26017
1.02979
0.350197
1.47358
1.09125
-0.333008
-0.685145
-0.501114
-1.29878
-0.886226
-0.956907
0.766642
-0.0993693
0.194054
-0.650946
-0.72077
-0.171096
0.135774
0.340043
0.610975
0.314063
0.333063
-0.962836
0.10884
-0.0147437
0.722943
0.333129
-0.346215
0.00368295
-0.0712544
0.0495174
-0.584622
-0.417577
-0.236621
0.0371126
0.296341
0.196863
0.0985474
-0.0401088
-0.202863
-0.741785
0.137551
0.247676
-0.0127388
0.848301
0.585066
0.256427
-0.0688831
-0.388407
-0.571369
-0.560297
-1.19196
0.0365778
-0.637118
-0.281009
0.254601
-0.482712
-0.0730343
-1.04497
-0.559679
-1.12948
-0.54314
-0.691489
-0.294811
-0.356477
-0.72188
0.455702
0.664285
0.231371
0.134844
0.40175
0.744969
0.484097
-0.97537
-0.674516
0.844415
-0.409374
-0.977596
-0.361707
0.579742
0.465447
1.64503
1.35614
0.96849
0.53452
-0.81476
-1.34216
-1.48406
-1.55506
-1.68305
-0.979122
-0.187471
0.00202973
-0.289547
-0.57536
-0.570049
-0.517298
-0.892221
-0.861529
-1.0284
-0.341669
-0.190989
0.365366
0.536094
-0.0545424
1.26095
0.67237
0.777128
0.245145
-0.163793
0.386205
0.0376513
0.215636
-0.155011
0.458288
-0.154001
0.657998
0.537457
-0.13618
-0.0152146
-0.129272
0.830842
0.370997
0.259115
0.929303
-0.764362
-0.0988301
-0.78806
0.232078
0.0327422
-0.403998
0.571498
-0.634592
-0.612491
-1.06925
1.26133
1.30442
0.943889
0.797023
-0.954451
-0.160488
0.408985
-0.0211601
0.490385
1.71431
-0.386718
-0.567305
-0.652066
-0.639305
-0.267949
0.612241
1.44797
1.3645
1.80543
0.509917
0.0250767
-0.400923
0.0172763
-0.287793
-1.12098
-1.39114
-1.5878
-1.45245
-0.674975
-0.233765
-0.401061
0.245649
0.0209096
-0.560654
-1.15672
-0.352899
-0.394863
-0.688996
-1.5221
-1.76943
-0.306854
0.0179702
0.477187
0.680722
0.293711
-0.351776
-0.23517
0.417561
0.135499
-0.0555157
0.517913
-0.022457
-0.0783432
-0.0963542
0.692027
-0.221952
-0.0803735
-0.159664
0.0931418
0.617736
0.418845
0.103114
-0.00262684
0.20486
-0.459591
-0.466315
0.189717
-0.425428
-0.451406
0.188654
-0.718771
-0.0461457
0.0703662
0.267343
0.201514
-0.257675
0.010533
0.0595937
-0.117416
-0.746625
0.210794
-0.126715
0.142799
-0.873206
0.153866
1.2601
1.26716
0.859024
0.13035
0.664089
-0.22413
0.0375156
-0.292143
-0.112315
-0.54004
-0.514616
0.919172
0.256287
-0.289573
0.134137
0.0248703
0.255443
0.134178
0.244924
0.0237362
-0.438424
-1.41354
-0.348838
-0.00189505
0.324403
1.04785
-0.510273
-0.605702
0.0393992
0.293074
-0.487386
0.462344
-0.0388235
0.134568
0.636203
-0.704462
-1.66359
-0.0590655
0.266746
-0.055247
-0.184082
-0.406425
-0.871541
0.791866
0.175329
0.179966
-0.197907
-1.29546
-2.01008
-0.565516
-1.38307
-0.815639
-0.33227
-0.220314
-0.137318
0.17055
-0.0569627
0.140644
-0.14479
0.636079
0.894844
0.187421
0.418612
0.368003
-0.322328
-0.117546
0.825805
1.69607
0.430857
0.163246
-0.832166
-1.33999
-1.12693
-0.178123
-0.161769
-0.465995
-0.579466
-0.967728
0.00341873
0.174636
-0.170128
-0.385376
-0.240293
-0.570064
-0.456771
-0.486236
-0.633114
-0.622072
-0.165735
0.134053
-0.267605
-0.665136
-0.073565
0.0680428
0.31736
-0.946936
-0.314779
-0.267213
-0.529495
-0.694501
-1.03354
-0.382431
0.111745
-0.448407
-2.19754
0.830153
-0.324892
-0.140398
0.484006
0.509206
1.35912
1.51013
2.02041
1.18451
1.43475
0.458311
1.50095
1.05281
0.749227
-0.0597013
-1.03167
-0.938839
-0.977308
-0.472398
0.287949
0.828574
1.06072
-0.587565
-1.16892
-0.297166
0.668006
0.517055
0.918768
1.25014
1.26951
-0.54498
0.259677
0.262287
0.379155
0.96228
1.60469
2.33446
1.48435
0.33465
-0.417804
-0.0498713
-0.512265
0.115054
1.01246
0.789059
0.203128
0.472539
0.267306
0.0641494
-0.111522
0.0417162
-1.52453
-1.13797
-0.88243
0.222888
-0.0777751
-0.386635
-0.168931
0.180179
-1.20038
0.0214484
0.144696
0.455239
0.731238
-0.00555223
-0.467494
-0.0549781
-0.829654
-0.91588
-1.2421
1.20424
0.792526
1.15307
0.861148
0.95983
0.99194
0.521388
1.29425
1.23586
1.07147
0.248794
0.812677
0.859864
0.218613
0.307208
-0.313451
-1.21383
-0.469609
-0.140434
0.370489
0.593404
-0.261717
0.531719
0.842459
1.11169
1.6486
1.0102
1.06229
0.374398
0.0272614
0.313609
0.234117
-0.735465
-0.488869
-1.1868
-0.969147
-0.241748
-0.764005
0.145662
0.761782
-1.5301
-1.2854
-1.07042
-0.0690991
0.290317
0.917553
0.552356
0.238521
0.206643
-0.332626
-1.93335
-2.13849
-1.60274
-1.17322
-0.524284
0.363184
0.0937839
-0.410078
-1.05726
-1.86378
-0.633954
-0.258221
0.624039
0.564537
-0.377262
-0.315003
-0.251689
-0.903159
-0.953788
-0.53911
0.352253
0.472537
0.465868
-0.020233
1.01077
0.826255
0.312877
-1.1423
-0.642156
0.237708
0.643489
-0.422539
-0.0550211
-0.487017
-0.458642
0.272832
-0.0132431
-0.419452
0.864169
0.0160049
0.587783
0.84079
-0.026263
-0.811262
-0.706498
-0.190278
-1.10335
-1.24779
-1.11292
-0.522852
-0.859228
-0.640863
-0.563374
1.15068
0.419836
0.668336
0.858612
1.15285
0.212421
-0.465844
0.172671
0.28647
0.0506874
-0.502283
-0.855204
-0.960091
-0.461163
-0.769338
-0.681677
-0.693248
1.1971
0.241307
-0.0120558
0.133096
-0.0207697
-0.507336
-0.636916
-0.168035
0.121636
0.640458
-0.0960954
-0.604379
-0.647172
-0.965441
-1.08482
-1.02464
-0.0872685
-0.385139
-0.135363
0.442637
