-1.33649
-0.831974
0.801318
0.703557
0.649779
1.52886
0.380595
0.502944
-0.196225
-0.794303
-0.378133
-1.69813
-0.374485
-1.03142
-1.29736
-0.555223
-0.306319
-0.199387
-0.359655
-0.436349
0.97439
1.43296
1.1348
0.699245
0.208641
-0.0179325
0.205926
0.33471
1.02116
1.32733
-0.00859137
-0.313687
-0.608833
-0.721885
-0.0444238
-0.0219363
0.724116
0.849718
0.382047
0.754131
0.472181
0.690676
0.543746
-0.0326849
-0.527492
-0.0374668
0.270186
-0.249202
-0.541491
-1.02946
-0.417179
0.817729
0.00883967
-0.0942069
0.477202
-0.0291197
-0.158709
-0.0130815
-0.342532
-0.500924
-0.304988
0.133519
0.578418
0.13811
-1.0342
-1.02305
-0.33836
0.0254128
-0.373584
0.272125
-0.0257828
0.814786
0.201488
1.30766
1.2377
0.391351
0.170462
0.0115527
0.618887
-0.118381
0.375566
0.275576
-0.131302
-0.213379
0.028773
0.27892
0.0545775
0.0454629
-0.0912234
0.601632
0.467776
0.174865
-0.00748671
0.202209
-0.00434287
-0.102741
-0.332623
-0.27847
0.166912
0.208344
0.243062
-0.0066561
-0.150948
0.401607
-0.429146
-0.368399
-0.714838
-0.639675
0.501564
0.711069
0.878084
0.118063
0.312519
-0.0323745
-0.379193
-0.784893
-0.00240615
0.338272
1.10953
1.07013
-0.0644766
-0.221335
0.388044
0.844151
0.357324
-0.052698
0.754473
1.23725
0.62791
-0.227553
-0.681064
-0.461891
-0.783068
-1.11686
-0.125396
0.409419
0.37875
-0.303695
-0.239911
-0.438043
1.17685
0.57393
-0.0812671
0.67699
0.0176485
0.318774
0.380518
0.199927
0.194559
0.140964
-1.50549
-0.763918
-0.765358
0.108784
-0.04796
-0.531037
-0.743737
-0.438589
-0.805979
-0.810838
0.609509
0.743585
1.06262
1.23341
1.71556
2.16742
1.36673
0.861727
-0.0408756
0.253604
-0.482425
-0.520046
-0.187602
0.152562
0.611839
0.76724
0.843405
0.921336
0.0209736
-0.200192
0.918673
-0.215212
-0.249437
-0.175707
-0.310524
-0.330591
-0.981323
-0.23582
-0.408495
0.185543
-0.0724216
0.122557
-0.620681
-0.149328
-1.10083
-0.563756
0.406859
0.567696
0.872268
-0.177703
-1.42941
-1.12601
-0.590385
-0.38134
-0.586967
0.0451051
0.841215
-0.147543
-0.471849
-0.592274
-0.120092
-0.225529
-0.606994
-0.385235
-0.0140723
-0.625162
-0.253333
0.417179
0.633852
-0.297511
-0.829353
-0.713683
-1.10935
-0.260645
1.0694
0.759061
1.38212
0.548358
0.049803
-0.82065
-0.915517
-1.22154
-1.05847
-0.649095
-0.432983
1.3888
0.506326
-0.229382
-0.209136
-0.467897
0.333538
0.952184
0.820996
0.256226
0.908481
1.39859
1.26395
0.4443
0.267218
0.764994
-0.388646
-0.380391
0.799226
1.17281
0.155768
0.151365
0.360017
0.355157
0.381291
-0.0284206
0.960343
0.186465
0.183288
0.384446
0.0936715
0.31758
0.876538
0.926416
0.95704
1.53774
-0.118779
-0.833767
-0.547281
-0.372021
-0.457877
-0.592573
0.389648
-0.22431
0.900972
0.14372
-0.204527
-0.151433
-0.257648
-0.534345
-0.855841
-0.622781
-0.766981
-0.14499
-0.342296
0.111537
0.234751
0.0734087
-0.686844
-0.795959
-0.375421
-0.0971207
-0.3651
-0.0950936
0.52222
0.28952
-1.53878
-0.548596
-0.353471
0.255768
-0.0908023
-0.298037
-0.156466
0.26139
0.0634168
-0.573642
-1.20175
-1.45761
-0.871583
-0.378435
-0.885912
-0.997145
-1.27658
-1.09082
-0.65143
-0.434603
-0.851867
-0.57632
-1.06653
-0.204118
0.0365321
-0.132885
0.416751
0.243208
-0.144812
-0.171397
1.69261
1.22034
0.496721
0.0949564
-0.0630485
-0.133804
0.0121
0.668827
0.199226
0.610002
-0.701967
-0.284417
-0.231949
0.0920231
-1.01639
-0.665529
0.169151
0.131372
-0.0632873
-0.147511
-1.03842
-0.836524
0.187653
-0.247714
-0.906379
-1.01199
-1.20073
-1.06935
-1.42955
-1.22547
0.802954
0.735844
0.732063
-0.27745
-0.667232
-0.288058
-0.45231
-0.459874
-0.132223
0.179498
-0.540596
0.0656468
0.25094
0.373266
0.289277
-1.33101
-0.734043
-0.550506
-0.708281
-0.307412
0.389783
-0.798198
0.179491
0.58574
-0.0248108
-0.0457253
-0.709664
-0.841853
-0.450928
-0.479511
0.44788
0.370939
0.339369
-0.936952
-0.314527
0.0501162
0.289807
0.15239
0.11039
0.496368
0.572109
0.417141
0.250144
0.579624
0.338497
-0.483524
0.685053
0.779223
1.07506
0.846644
-0.205693
-1.54155
-0.607339
-0.610501
-0.447775
0.450712
-0.399435
-0.239574
-0.43325
-0.0700916
0.594742
-0.426727
0.0229416
-0.610584
-0.566069
-0.6337
-0.402411
-0.628984
0.0810773
0.610356
0.700001
0.512057
1.25587
1.35909
1.33717
1.64862
1.40011
0.155419
0.0750319
0.590916
-0.61503
-0.639576
-0.563158
-0.435606
-0.439847
0.000408513
0.0261769
0.399666
-0.136351
0.338378
0.221297
0.430315
0.310215
0.407325
0.137381
0.49879
0.606008
0.963809
0.944549
0.0299688
-0.496926
-0.375243
0.628268
-0.327691
-0.802046
-0.396214
0.406833
-0.139681
-0.31965
-0.298115
0.0606172
0.195048
1.07905
0.980169
1.00232
1.60498
1.30769
1.25896
0.369852
0.483687
0.32524
-0.0608127
-0.93494
0.162645
0.643711
-0.185631
0.449735
0.0748403
-0.533765
0.177011
0.787961
0.714606
0.60037
0.214092
0.0838409
0.532984
1.21545
0.333757
0.955783
0.601673
1.22731
1.16739
0.765646
0.607169
0.515773
0.80556
1.01224
-0.306293
0.56893
0.686412
-0.878738
-0.0332425
0.0204601
-0.164257
-0.769162
-0.621719
-1.04656
-0.787584
-0.819258
-0.0282942
-0.0926885
-0.232525
-0.0157908
0.0257964
0.784606
0.773731
1.40683
1.02544
1.08947
-0.0179304
0.106491
0.938642
-0.288823
-0.405953
-0.536595
-0.640113
-1.19971
-0.474935
-0.735012
0.382803
0.450931
0.669944
0.973807
0.538363
0.195125
-0.766005
-1.07206
-1.41863
-1.34934
-0.414159
1.26621
1.79268
2.09619
1.11778
0.952133
0.465735
1.20102
1.18227
1.35873
1.38795
1.08304
1.55676
0.677045
0.150109
-0.112798
-0.0862524
0.183612
0.414566
0.602645
0.650062
0.148224
-0.0015347
-0.48687
-0.209248
-1.07643
-0.841009
-0.206521
-0.308144
-1.64078
-0.667419
1.05805
0.72242
0.995273
0.74069
0.355184
0.804076
0.739602
0.247149
0.539438
1.41472
-0.871349
0.0324693
0.416725
1.19466
0.679533
0.197279
0.554815
-0.383856
-0.493271
-0.230638
0.464075
-0.0787402
0.11798
0.393953
0.552565
1.20098
-0.309906
-0.0608848
0.452409
0.290891
-0.420128
-0.175059
0.817547
0.442579
0.521383
-0.228258
-0.783918
-0.623626
-1.16482
-0.480036
0.067866
0.359589
0.0242441
-0.9645
-0.575105
-0.487242
-0.452327
0.433321
-1.26813
-0.826778
-0.104305
0.453053
0.515167
0.550382
0.141792
-0.306299
0.547718
-0.26334
-0.348078
-0.468034
0.31292
0.591705
-0.536202
0.119874
-0.847462
-0.00275046
-0.223101
-1.4562
-0.602889
-0.243806
0.826344
0.868782
0.722628
0.436666
0.154362
-1.1099
-1.08761
-0.436247
0.582314
0.939268
-1.3811
-1.65817
-1.33085
-1.00694
-1.77499
-1.63467
-1.28579
-0.918736
-1.56859
-1.79091
-0.458248
-0.529518
-1.09157
-0.67046
0.0524265
0.144945
-0.617289
-0.40389
-0.540755
0.0183249
-0.48542
-0.504825
0.821627
0.809887
1.27422
0.226668
-0.796862
-0.555387
-0.178601
-0.898877
0.84495
-0.0180459
-0.698482
0.044488
0.153977
-0.46124
-0.116027
-0.711727
-0.812377
-0.196483
1.01191
1.77883
0.563736
0.743396
0.70326
0.387654
0.574301
0.67749
0.870764
0.874744
-1.0824
-0.972378
-1.28526
-0.524945
0.300667
0.00288513
0.227924
-0.56039
-0.501025
-0.906199
-0.659732
-0.438334
-0.539994
0.0116884
-0.691822
-0.881834
-1.47631
-0.721401
-0.00528168
-0.126431
-1.31281
-1.7581
-1.3564
-0.718252
-0.429599
-0.392347
-1.40162
-0.680116
-1.17492
-1.22217
-0.68471
0.137133
0.031079
-0.493371
-0.454554
-0.864687
-0.826216
-0.78826
-0.614385
-1.41164
-0.516641
-0.148027
0.260449
0.485063
-0.0764056
-0.0349786
-0.194655
-0.66692
-0.225552
0.379349
-1.29871
-0.251219
-0.168499
-0.47837
-0.791612
-0.467119
-0.0754156
-0.706106
-1.09846
-1.47898
0.0451842
-0.187437
0.159973
-0.530671
-0.579956
0.23661
0.45763
0.202218
0.37216
-0.464342
0.49467
1.02815
0.338276
-1.09072
0.016854
0.0110481
-0.41797
-0.0877907
-0.117317
0.855907
0.641765
0.517601
0.742023
-0.15772
-0.0106717
-0.0958074
0.156674
-0.590194
-0.0687937
0.159113
0.706712
0.827267
0.844778
0.827138
-0.0416216
-0.400907
1.2322
1.20875
1.29021
0.755574
-0.893888
-0.995012
-0.930472
0.445201
0.194503
-0.114208
0.520469
-0.691671
-0.719017
-0.736228
-0.522339
0.78036
0.512448
0.588913
-0.0563778
-0.407711
-0.916018
0.305264
0.670352
0.259157
-0.531118
-0.328232
-0.302098
-0.910699
0.255085
1.00156
0.416412
-0.356947
-0.0215619
-0.688599
0.341607
-0.188244
0.37949
0.606579
0.141587
-0.628245
0.222384
0.258032
0.754312
-0.105445
-0.416527
-0.146259
-0.124606
0.387824
-0.0394593
-0.413805
-0.0487386
-0.15387
0.0508328
-0.0416274
0.14575
0.538413
0.0860515
-0.383382
-0.516258
0.697329
0.880792
0.669867
0.624867
0.210768
0.212852
-0.173163
-0.112293
-0.0590269
0.51632
0.257801
-0.189083
0.0632116
0.41465
-0.122115
0.17379
-0.461463
-0.561655
-0.492202
-0.835664
-0.559412
-0.242401
-0.237394
-0.539656
0.104443
0.208203
-0.0886329
0.239232
0.625521
0.238139
0.0391779
0.612292
1.27557
1.24297
0.406493
0.966014
1.1691
0.829245
-0.285918
-0.278492
-0.0323706
0.211158
0.535394
0.592403
1.3862
-0.0279028
0.385076
0.0174541
0.153881
-0.157688
-0.236295
-0.59005
0.654027
0.0386471
-0.406262
0.613953
-0.639723
-0.311958
0.202028
0.69037
1.63181
1.13159
0.755424
0.673725
0.913136
0.606911
0.236837
0.864117
1.27736
1.78255
1.00083
-0.294241
-0.469431
0.695256
0.727132
-0.457091
-0.216772
0.398933
-0.31981
0.0656916
-0.0834596
0.887652
0.947485
1.02156
0.772625
-0.0879382
0.46373
-0.189839
-0.141354
-0.186857
-0.353549
0.729074
0.38416
0.293136
0.00824425
-0.136137
-0.351645
0.284591
0.318234
1.07316
1.1034
1.09332
0.743521
0.420672
-0.00154493
-0.982451
-0.260147
-0.229458
-0.596946
0.282444
0.269927
-0.185963
0.375794
-0.305534
-0.220138
-0.44822
-1.1754
-1.11195
-1.13562
-0.662765
0.00842234
-0.639657
-0.622582
-0.651764
-0.357234
-0.304709
-0.020794
-0.605269
-0.0644279
0.651178
0.100377
-0.373208
-0.409232
-0.352881
0.588898
