0.203987
-0.0317562
0.807981
0.803488
0.819244
1.48092
0.539388
0.293229
0.315585
-0.1586
-0.534766
-0.661193
-0.801077
-0.874462
-0.600047
-0.580637
-0.538864
-0.15874
-0.295928
-0.621761
0.502388
0.714877
0.393473
-0.710306
-0.677548
-0.877444
-0.205263
0.728425
0.150011
0.614288
-0.724005
-0.874227
-0.979813
-1.27199
0.0456567
0.676891
0.986089
0.69415
0.226955
-0.320873
1.25135
1.37368
1.28135
1.65182
1.62412
0.997492
1.00407
0.205194
0.825454
0.336561
0.836259
0.978675
0.869289
0.506879
-0.091024
-0.0261862
0.498664
0.432273
1.06186
1.03062
0.661836
0.352832
0.795406
0.972373
0.683316
1.05198
1.27816
-0.0782651
-0.0256393
0.555554
-0.493311
-0.449605
-0.772989
-0.546521
0.0398301
-0.133379
-0.721663
-0.472359
-0.478734
-0.653012
-1.31257
-1.2101
-1.55637
-0.488098
0.268844
-0.642597
-0.346928
-0.405088
-0.414302
-1.30389
-0.110758
0.645244
0.1054
-0.471709
-1.4298
-0.730811
-0.677473
-0.614492
-0.880984
-0.428661
1.38104
1.7707
1.53425
1.74241
1.29956
1.25783
1.24073
1.73369
1.91558
1.2335
-0.04544
-0.183516
-0.492893
-0.550431
0.176929
0.452474
1.12086
0.622232
-0.190759
-0.627296
1.00292
0.74201
1.02369
0.485123
0.982645
1.03665
0.608567
1.06685
1.18987
1.49496
-1.06798
-1.37475
-1.04616
-1.07397
-0.662802
-0.598696
-0.483343
-0.0475862
-0.164083
-0.752757
-0.323787
-0.52083
0.244067
-0.811258
-0.929193
-0.725065
-0.285906
0.140046
0.400505
-0.136268
-1.38902
-0.846269
-0.31916
-0.295691
0.081355
0.955234
1.07915
0.389546
-1.02728
-1.83021
0.351831
-1.54516
-0.522471
0.345732
-0.162409
0.284593
0.953041
0.80959
1.03091
1.82576
0.675955
0.796071
1.0426
1.42506
1.03373
0.747255
0.990495
1.01286
1.26711
0.820181
0.609924
-0.245295
-0.495229
-0.670087
-0.217284
0.392315
-0.123574
0.150267
0.268791
0.419203
0.45334
-0.0557022
-0.722686
0.158958
0.500767
0.169965
0.0556377
-0.270214
0.493839
0.0268578
0.608132
0.227334
0.0717581
-0.457497
0.0610908
-0.318519
-0.363764
-0.389661
-0.631294
-0.542539
-0.822633
-0.649577
-0.600488
-0.159334
0.0647293
0.691458
-0.197637
-0.0983258
-0.156055
-0.179657
-0.294015
0.218549
0.572754
0.175101
0.23294
0.608795
0.928786
0.380956
-0.210809
-0.78324
0.678324
0.590799
-0.0523983
-0.315431
-0.585694
-0.955939
-0.743421
0.14269
1.05534
0.743771
0.332411
0.605163
1.06467
0.32777
0.640128
1.26574
1.09328
0.564142
1.57445
0.752543
-0.585262
-0.388755
-0.281082
0.177158
0.024595
0.275709
0.304422
0.601294
-0.429768
-0.9178
-0.373408
0.377563
0.352067
0.64307
1.09737
0.541739
0.03144
-0.98791
-1.02746
-0.756728
-0.303598
-0.377302
-0.743059
-0.796547
-0.597997
0.0653744
-0.390257
0.0790924
0.262282
0.27972
-1.29008
-0.587399
-0.152947
0.536502
0.556554
0.45316
0.527444
0.798017
-0.299234
-0.582448
-0.917416
-1.40551
-1.43244
-0.113068
0.187619
-0.236234
-1.01195
-0.9023
-0.437168
-0.792044
0.926014
1.11389
0.836978
-0.0238021
0.528415
1.51787
1.20031
1.02564
1.36917
1.00082
1.03334
0.0152517
0.46167
0.554773
0.0464635
-1.13768
-1.00248
0.401703
0.636631
0.347005
0.865928
0.813351
0.28649
0.284258
0.892698
0.497222
0.695052
0.513812
0.948395
0.531467
-0.0401198
-0.0680582
0.480817
0.29684
0.574379
0.00292934
-0.328265
-0.935294
-1.27477
-1.15278
-1.38785
-1.35301
-1.0549
-1.98308
-1.10725
-1.15059
-0.835877
-0.539257
-1.18641
-1.45077
0.718614
0.0442297
0.201525
0.347544
1.06872
1.13578
1.09973
1.67992
1.12891
0.70376
0.264867
0.33176
0.99173
0.988619
1.0011
0.708498
0.572915
0.921769
0.662723
0.184397
-0.718
0.351871
0.264929
0.188869
-0.0974544
0.0310624
-0.562154
-0.183358
-0.0487419
-0.496554
0.311155
0.693672
0.596718
0.839173
0.4127
1.1606
0.353227
-0.0816869
-0.469502
0.247136
-0.160697
-0.969335
-0.57706
-1.68568
-1.09784
-1.39422
-0.323119
-0.336377
-0.27243
-0.69597
0.340954
0.372559
-0.477149
-0.889865
-0.399532
-0.615516
-0.694808
-1.16321
-0.80494
0.273358
-0.561286
0.560475
-0.506076
-0.529647
-0.163558
-0.459973
0.15822
0.19184
0.0584782
0.0631876
-1.07033
-1.64922
-1.32664
-0.657493
-1.00441
-0.302834
-0.491864
-0.383503
-0.93119
-0.229126
-0.217574
-0.590345
0.105978
-0.122752
0.200987
-0.0308242
0.365061
-0.889165
0.558679
0.60829
0.859093
0.36227
0.850588
0.167471
0.272435
0.431922
1.05035
-0.287004
0.19036
0.417158
0.739909
0.481592
0.550744
0.387416
0.0279717
-0.0153085
0.434123
0.331849
0.236843
0.946833
-0.123518
0.64726
0.559499
0.300286
0.0142416
0.119121
-0.387559
-0.806094
-0.192721
-0.210859
1.22661
1.20376
0.830603
0.37964
-0.00400112
0.156806
-0.000688826
-0.0225021
0.108778
0.256042
-0.621363
-0.331925
-0.294917
0.550453
0.419474
0.256291
-0.305022
0.16268
-0.216087
-0.0337898
0.267683
-0.248009
-0.182345
0.214342
0.123457
0.171581
0.470762
-0.0852476
0.56279
0.85525
0.758774
0.696746
0.370743
-0.278196
-1.16405
-0.378096
-0.108633
0.219003
1.13711
1.55683
0.788619
-0.0689968
1.16359
0.77488
1.32449
1.7438
1.40169
1.18865
1.39854
0.749453
0.29615
0.324282
-0.222898
-0.518351
0.0713051
-0.623888
-0.668578
-1.14182
-1.13546
-0.0398454
0.975635
0.0456172
-0.149843
-0.607217
0.1488
-0.474335
0.549963
0.661897
1.1893
0.834137
0.215503
0.131529
-0.945944
-0.796374
-0.284245
-0.483496
-0.267182
-0.781589
-0.36061
0.253872
0.69581
1.59024
0.926999
0.725454
0.618207
0.606935
0.609567
0.952544
1.43789
1.39088
-0.206067
0.087126
0.914162
1.46693
1.04091
1.3754
1.05387
1.41413
1.00598
0.0371595
-0.421164
-0.168432
-0.111603
0.479306
0.499568
0.127631
1.12406
1.0062
0.346212
0.3049
0.79475
1.44157
0.904426
0.436322
0.425893
0.737547
1.25311
0.36339
0.28234
0.539242
-0.57092
-0.632663
-0.479049
-0.011533
-0.0982335
-0.567161
-0.802957
-0.971798
0.290491
-0.529331
-1.23675
-1.04946
-0.552338
0.0213967
-0.114656
0.353548
0.186484
-0.48217
-0.355884
-1.21235
-0.217716
-0.812319
-1.85913
-1.94301
-1.63878
-0.554976
-0.915351
-1.23251
-0.931193
-0.483659
-0.858924
-0.603493
-0.0289141
0.252916
-0.0392446
-0.16
-0.589391
-0.368942
-1.04561
-0.691761
0.219233
0.20708
-0.297727
0.37687
1.41312
1.43833
0.588468
0.408573
0.322383
0.307586
-0.397146
0.836924
0.600338
1.58359
1.39361
1.25684
0.758767
0.2144
0.534018
0.76416
-0.794344
-0.19291
0.312668
0.206235
-0.80732
-0.257146
-0.916176
-0.747127
-0.887239
-0.772816
0.476281
0.563374
0.403612
-0.185043
-0.451474
-0.390821
-0.232218
-0.0235323
0.0632944
-0.0174746
0.597983
0.179907
0.442898
0.279316
-0.456478
-0.328328
0.144609
1.15796
1.83933
0.595069
1.28189
0.992491
0.470758
0.211952
-0.234731
-0.143804
0.821695
0.115794
-0.400054
0.464893
-0.870646
-0.218609
0.0410304
-0.181293
-0.24084
-0.083831
-0.117733
-0.258427
-0.629183
-1.2386
-0.6126
0.243369
0.361064
0.483429
0.238087
-0.781849
-0.348732
-0.32689
0.108364
-0.242547
0.576017
0.507127
0.627291
0.462458
1.14397
1.16114
1.24325
0.71129
0.834158
1.13102
-1.43885
-1.09306
-0.903393
-0.591288
-0.31233
-0.254322
0.63211
-0.747598
-0.302012
-0.909704
0.379319
0.934101
1.27738
0.726367
0.850976
0.067576
-0.396204
-0.484786
0.0776938
0.682531
1.09519
0.5488
1.34246
1.76193
1.42165
1.31956
0.279826
0.76349
1.34615
1.04666
0.26845
-0.265107
0.0653058
0.11736
0.169533
0.213039
0.422762
0.78716
0.881763
1.27825
-0.101136
0.287032
-0.556838
-0.419764
-0.947294
-0.377638
-1.11634
-1.50774
-1.88259
-0.791481
-0.017464
0.0118846
-0.0148842
-0.200962
-0.190456
-0.76925
-0.657071
0.306847
0.648151
0.92054
0.162339
0.286337
-0.302937
0.24242
-0.458941
0.191973
0.231823
0.37857
0.480222
0.45376
-0.942824
-0.336692
-0.74717
-1.61612
-1.70866
-1.78585
-1.15144
-1.4407
-1.69354
-1.33923
0.232369
0.237663
-1.32468
-0.457355
-0.0211841
-0.368402
-0.462142
-0.644916
-0.746486
-0.105305
-0.575618
0.196249
-0.343168
-0.151087
-0.969916
-0.888864
-0.83478
-0.652012
-0.313486
-0.924132
-1.03406
-1.06027
-0.775881
-1.42055
-1.14952
-1.3437
-1.35088
-1.54409
-1.53173
-0.863964
0.0909974
0.193039
0.118123
-0.0759231
0.442873
0.858341
0.632609
0.427675
-0.129149
0.738197
-0.890422
-1.05708
-0.537536
-0.636392
-0.567425
0.394826
-0.293449
-0.912447
-0.334092
-0.623806
2.02648
1.05173
0.523167
0.334259
0.0700884
0.587372
1.06461
1.38941
1.97699
1.80006
-0.397303
-0.666808
-1.20545
0.0369479
1.24952
1.29077
1.48454
0.828412
0.192728
-0.122469
-1.11642
-1.02656
-2.48548
-2.60269
-1.89323
-1.38287
-0.691782
-1.36462
-1.74848
-1.66991
-0.285247
-0.237539
-0.975878
-1.41598
-1.353
-0.790087
-0.771734
-0.781399
-1.68124
-0.91297
0.110595
-0.844611
-0.813726
-0.138055
-0.709939
-0.63658
-0.633382
-0.223873
-0.201008
-0.432809
0.620187
-0.60385
-0.0719334
0.00564804
0.128522
0.704891
1.25578
1.32688
1.11745
1.12936
0.378496
0.583994
0.290217
-0.569833
-0.636222
-0.859565
-0.349009
-0.582299
-0.341144
0.24243
0.401434
0.342549
0.493548
0.68086
0.314877
0.607348
0.88559
1.39561
1.04963
0.490881
0.298575
0.431368
0.830041
0.737184
0.33462
0.418271
-0.50259
0.178911
0.674181
0.0809581
-0.333184
-0.231464
0.0947114
-0.0762314
0.210668
0.0211788
-0.664915
-0.367484
-0.272541
-0.580244
-0.467392
-0.478224
-0.211316
-0.192597
-0.881536
-0.743636
-0.721103
-1.02441
-1.42694
-1.44221
-0.399993
-0.488094
-1.26406
-0.984318
-0.507109
-0.858668
-0.433039
-0.739783
0.0667517
-0.549839
-0.476332
-0.452913
-0.0432742
0.575843
0.710563
1.14183
1.60458
0.738501
-0.588107
-0.927098
0.569641
-0.144697
-0.161881
0.160498
0.23942
0.749029
1.10817
0.456105
0.411581
0.550774
-0.301712
-0.592447
-0.626935
-0.114261
-0.235196
-0.460149
-0.189211
-0.103527
0.457877
0.235112
