-2.34897
-2.51544
-1.99984
-2.04776
-1.39957
-1.28518
-0.879258
-0.56514
-1.15915
-1.30937
1.06765
0.424498
0.303216
-0.37173
-0.693722
0.144283
0.863103
1.47397
0.98764
1.67794
-0.422077
-1.43809
-1.05293
-0.671459
-0.909634
-0.363027
-0.714099
-0.506743
-0.407282
-0.486787
-0.125525
-0.207735
0.142991
0.351287
0.763063
-0.330617
-0.128007
-0.220152
-0.148613
-0.371177
-0.686688
0.013512
-0.0776094
-0.370491
-0.32131
-0.0064424
0.157654
-1.058
-0.580333
-0.702626
0.627471
1.2576
1.69216
0.727959
0.551569
0.677808
1.21927
0.72025
0.731961
0.627604
-0.655208
-0.50157
-0.757027
-0.345958
-0.550956
-0.940168
-0.263375
-0.450962
-0.276987
-0.392865
-0.814146
-0.352628
-0.118111
-0.459207
0.151677
-0.0689593
-0.801634
-0.915036
-1.39064
-0.886136
0.508546
0.413611
0.211457
0.202872
0.734451
0.935615
0.496588
0.321269
0.219664
0.0120148
-0.439639
-0.32458
0.723979
0.91567
0.781048
0.242031
-0.0132604
0.0432643
-0.834119
-0.717731
-0.668271
-0.457701
0.105599
0.465034
-0.640532
0.130499
-0.739298
-1.81963
-1.09153
-1.22539
0.14574
0.465281
0.595754
0.694987
0.347883
1.12206
0.641821
0.902915
0.794781
0.276941
0.401109
0.451132
0.257267
-0.199836
-0.0597467
0.301362
0.603578
0.815332
0.626734
0.495901
0.349883
0.710015
0.0672794
-1.26022
-0.522312
-0.954576
-0.114594
-0.476101
-0.285051
-0.410293
-0.428115
-1.26793
-1.95821
-1.42589
-1.67984
-1.66941
-0.447219
-0.823946
-0.72775
-0.671028
0.641046
0.0303479
0.243755
0.881999
1.00058
0.627346
0.326731
0.685452
1.17903
0.936298
0.121012
0.342473
0.0344451
-0.44638
-0.934788
-0.684783
-0.359734
0.196879
0.298032
-0.181309
0.0435528
-0.0804327
0.207561
0.181821
-0.0448348
-0.66251
-0.565405
-0.388377
-0.458994
-0.668744
0.614116
1.00509
1.26432
0.416875
0.299301
-0.00130386
-0.398078
0.432473
0.97301
0.710162
-0.164474
-0.433058
-0.438358
-0.177172
-0.067106
0.580646
0.215286
1.08172
0.305592
-0.123512
0.702952
0.688581
0.749139
0.645889
0.258361
0.178791
-0.0821718
0.933764
0.567998
0.71046
0.0101867
-0.0281366
0.632767
0.931152
0.859192
0.625106
-0.0178181
-0.398691
-0.312928
0.0414811
-0.814478
-0.671098
-1.20663
-1.06367
-0.812027
-0.775638
-1.39935
-0.963738
-1.07075
-1.24755
1.36539
0.91178
1.17615
1.2003
1.51256
1.39624
1.49487
1.12191
1.22293
1.52752
0.039962
0.431044
0.841336
0.53008
-0.163051
-0.58243
-0.143307
-0.201507
-0.362905
-0.0748603
0.433322
-0.368959
-1.20793
0.326014
-0.362861
-0.206268
-0.594233
-0.81386
-1.09376
-0.412278
-0.244773
-0.315739
0.0464441
0.0576457
0.435084
-0.216512
0.3651
0.470683
0.380951
-0.370208
0.0027831
0.0918482
-0.587284
0.240794
-0.201841
0.41161
-0.423839
-0.531676
-0.705063
-0.576046
0.855779
1.35316
0.987615
0.307904
0.30514
-0.699475
-1.03066
-0.241698
-0.345671
0.0940485
-0.748006
-0.709321
-0.444779
-0.213702
-0.390482
-0.91309
-0.634425
-0.341118
-0.084802
-0.578501
-0.0397349
0.118727
-0.688656
-0.942413
-0.533051
-1.0093
-0.492773
-0.416075
-0.379217
-0.20504
0.502357
0.101855
0.0742842
0.175251
-0.421089
-1.28304
-0.595576
-0.426357
0.0668011
0.126409
0.828047
0.933475
0.486428
-0.38856
0.297154
0.220974
0.363158
-0.115472
0.286247
0.874428
-0.54249
-0.545838
-0.71137
-0.944399
-0.384815
-0.695318
-0.204031
-0.536228
-0.440164
-0.150794
-0.410019
-0.397493
0.930451
1.81643
0.948721
0.0907866
0.2454
-0.35312
-0.878406
-0.441618
0.145614
0.545784
0.064664
-0.350256
-0.878167
-1.10728
-0.806935
-0.0639139
0.428462
0.181305
-1.10088
-0.726095
-1.03248
-0.39407
-0.635668
-1.51853
-1.86758
-1.50822
-1.7873
-2.09827
-0.199036
-0.812328
-0.760565
0.435513
0.513009
0.0447283
-0.683491
-0.375268
-0.0206914
-0.023309
0.613191
-0.120564
0.136673
0.878515
1.3824
1.18786
0.352794
-0.253687
-0.163898
0.580465
0.707012
0.292765
0.77491
0.272547
0.450232
0.593052
0.965755
1.21222
0.445777
0.714043
0.145342
0.363835
0.8234
0.52359
0.387465
0.590263
0.55422
-0.182372
-0.579758
-0.556354
0.252083
-0.182153
-0.741218
-0.885431
-0.578494
-0.446451
-0.0919413
-0.765035
-0.322334
-0.0417665
-1.06131
-0.799194
-0.46376
-0.628639
-0.788033
-1.10157
-0.486392
-0.0768014
-0.38855
-0.482603
-0.611159
-1.01652
-1.09582
-0.780817
-1.26751
-1.25068
-0.679834
-1.26334
-0.327733
-0.349107
0.392469
-0.231799
-0.647968
-0.835851
-0.0340324
1.054
0.223883
0.993301
0.676055
1.38347
-0.9276
-0.958644
-0.806796
-0.0832828
0.775791
0.48445
0.371634
0.806057
-0.528773
-0.904036
-0.5538
-1.63982
-1.5924
-1.3396
-1.27514
-1.3473
-2.09831
-1.46291
-1.04143
-0.537619
-0.21116
0.162262
0.150333
-0.614636
-0.335709
-0.344246
-0.342613
-0.37461
-0.641422
-0.190371
-0.748535
-0.995899
-0.780443
0.0171972
-0.259919
0.0801148
-0.159324
-0.738745
-0.80082
-1.05709
0.492604
0.772048
0.240859
0.337576
0.0933845
0.682622
0.452312
0.395839
0.756751
1.10247
-0.513669
-0.716244
-1.64045
-2.06957
-1.69195
-1.06089
-1.26897
-1.27715
-0.631526
-1.03217
1.52169
1.1617
1.48511
0.958081
0.726095
0.96005
0.528465
0.747145
0.803636
1.1191
-0.359579
-0.603249
-1.35083
-1.04158
-1.59788
-1.43247
-0.671034
-0.50841
-0.814124
-0.463273
-1.72132
-1.91381
-2.24608
-1.66764
-1.29662
-1.26938
-1.09797
-1.82229
-1.38373
-2.06815
0.691408
0.647159
0.684909
0.434074
0.985675
0.747263
0.899927
1.64833
1.63761
1.2633
-0.301063
0.253118
0.218351
0.00300778
-0.0498743
-0.0716147
-0.747389
-0.589721
-0.652366
-0.385827
-0.4012
0.126076
-0.417128
0.646303
0.301297
-0.222595
-0.197301
-0.487641
-0.373579
-0.564134
-1.10649
-1.16836
-1.31017
-1.37492
-0.931425
-1.1887
-0.642
-0.877644
-1.01719
-0.948881
0.301413
0.321007
0.291044
-0.154346
-0.205783
-0.0592629
0.300742
0.530053
-0.16598
-0.480816
0.0775602
-0.300913
-0.306539
-0.379298
0.10073
0.330853
0.4944
-0.377274
-0.829167
-1.23886
-0.496793
-0.356354
-0.356191
-0.879433
-0.343821
-1.43713
-0.480333
0.670515
0.241191
-0.409733
-0.925517
-0.901182
-0.424179
-0.0175427
0.284894
-0.0893262
0.47349
0.589904
0.0834106
-0.0827596
-0.434181
0.0268303
-0.116567
0.111065
0.265066
-0.23481
-0.705602
-0.301253
-0.0210386
-0.249004
-0.632263
0.232952
-0.499229
-0.0856649
-0.157341
0.189045
-0.893609
-1.38539
-1.13819
-0.883587
-0.465515
-0.627835
-0.471546
-0.754419
-0.504323
-0.164546
-0.153189
0.114941
-0.210331
-0.737672
1.28346
0.732303
0.832222
0.859428
0.0282374
0.433985
0.553694
0.488559
0.543329
0.976355
0.220172
0.246311
0.555507
0.280282
0.00068713
-0.0385349
0.599659
-0.0484602
-0.0053564
0.0621617
-0.758739
-0.277146
-0.224445
0.0567862
0.0407727
-0.136795
-0.921954
-0.672518
-0.910299
-1.01959
1.18929
1.09029
0.759083
1.21602
0.820867
1.13436
0.933334
0.516227
0.97687
1.75799
-0.675255
-0.129941
-0.220797
-0.0621228
-0.368828
-0.905939
-0.812129
-0.219712
-0.0341285
-0.32714
0.783831
0.795812
0.861486
1.40258
1.61538
1.57729
1.55272
1.43741
1.48824
1.21071
-0.222338
-0.392263
-0.233386
-0.336354
0.161321
0.734019
0.541559
0.348267
0.136463
-0.0225359
-0.72708
-0.775087
-0.754009
-0.963319
-0.956246
0.0837622
-0.0828777
0.327088
0.589432
0.0204718
1.04341
0.590836
0.736479
0.718648
0.884458
0.952956
0.979653
2.06759
1.39622
1.13179
-0.251449
-0.00704359
0.429467
0.658889
-0.175149
-0.176584
-0.0010889
0.125055
0.346735
0.443539
0.0627983
-0.099718
-0.352227
-0.463729
0.473547
-7.52978e-06
-0.325393
-0.317892
-0.394566
-0.401885
-0.409216
-0.601196
-0.0466192
-0.252341
-0.472786
-0.144909
-0.14437
-0.293562
0.174281
-0.20439
-0.127059
-0.47177
-0.138391
-0.775805
0.222531
-0.223133
-0.432104
-0.136951
0.152794
-0.0790495
1.08874
0.559321
0.0394922
0.633183
-0.00757273
0.410019
0.0857264
0.189377
1.04509
0.977352
0.266158
-0.0900706
-0.881098
-0.407255
-0.784642
-1.02064
-0.603561
-0.622125
-1.34112
-0.745517
1.25161
0.538262
0.132431
-0.0539748
-0.824945
-0.898909
-1.35656
-1.20361
-0.333161
-0.330242
-0.182084
-0.595499
-0.311058
-0.944521
-0.569407
-0.261601
-0.779634
-0.644253
-0.320977
-0.281709
0.364829
0.559056
0.907013
1.03624
0.528301
0.791475
-0.0571746
-0.105872
-0.725712
0.429646
0.868403
0.484856
0.379601
1.12939
1.12967
1.60506
1.77285
1.37779
1.02578
1.48456
-0.298699
-0.654619
-0.325485
0.193717
0.376627
0.515437
0.427013
0.358213
-0.396372
-0.703105
0.0827649
0.442194
-0.179238
-0.709948
-0.775549
-0.659703
-0.332774
0.107659
0.650862
0.611239
0.274823
0.233196
0.281531
0.078565
-0.314046
-0.236925
0.222961
0.638056
-0.242335
-0.622226
0.208749
0.374965
0.159536
0.0252358
0.329996
0.461566
0.226623
-0.210611
0.0766565
0.489183
0.896382
1.00647
0.587823
1.06535
1.45067
1.24797
1.89424
1.32448
0.657237
0.391819
0.540657
0.236944
0.263596
-0.167918
0.50824
1.33259
1.25194
0.550705
0.195708
0.332919
-0.774645
-0.400137
-0.819713
-0.928094
-0.359748
-1.42077
-0.937678
-0.56681
-0.469989
-0.646496
0.486475
0.660032
1.13316
0.461811
0.309087
0.136106
0.420328
0.434358
0.647315
0.235472
0.952695
0.421231
0.567166
0.451061
-0.34431
-0.389907
0.0394882
-0.0593539
0.643369
0.583371
0.424804
1.15556
0.929994
0.334154
-0.0911116
0.057441
0.0710049
-0.0984099
0.125025
0.48161
1.59435
0.537753
0.221455
0.852415
1.10722
0.977288
1.36443
1.18143
1.69075
1.57878
-0.714816
-1.0949
-1.62324
-1.22372
-1.05132
-1.41949
-1.36401
-1.45321
-1.5349
-1.06115
-0.251568
0.458477
0.581094
0.320533
-0.375238
-0.626301
-0.955688
-0.803965
0.103541
-0.337402
-0.322704
-0.85763
0.0555576
0.847129
0.522303
1.1085
0.501796
-0.0176646
-0.0857466
-0.0446123
0.322051
-0.136228
0.433559
0.412886
-0.149439
-0.308558
0.0442787
-0.213251
0.651086
-0.202636
-0.194275
-0.066654
-0.519671
-0.741426
-0.987749
-1.02265
-1.00579
-1.09144
-0.956255
-0.0854804
