-0.167146
-0.0941305
-0.0690093
-0.163989
-0.0458482
0.829991
0.773031
0.421918
0.700818
1.00956
-1.24884
-1.24346
-1.68183
-0.825025
-0.0712759
0.394552
0.445614
-0.0887827
-0.574027
-0.92649
-0.32239
-0.442368
-1.16196
-0.53555
-0.194587
0.585007
1.08074
0.523755
0.503043
-0.287077
-1.19743
-0.338939
0.0991762
0.141794
-0.338938
0.0569774
-1.3608
-2.58111
-3.51683
-2.35404
1.06411
0.249186
0.711582
0.298478
0.452525
0.553191
1.17184
2.30561
2.19569
1.38723
-0.167886
-0.246361
-0.348939
-0.679455
-0.914728
-1.02503
-0.756298
-0.318885
0.109965
-0.337664
-0.460456
-0.442264
0.124494
0.383563
0.0396842
0.0938119
0.597664
0.988472
0.852574
0.405557
-0.338444
-0.737956
-0.576521
0.140201
-0.373567
-0.241443
-0.171464
-0.234927
0.151013
0.534494
1.38329
0.830219
0.224963
-0.295841
-0.425722
-0.334299
0.299568
0.713186
0.25642
1.33569
-0.318253
-0.480854
-0.637308
-0.516435
-0.639689
0.192739
-0.106473
0.046825
0.37973
-0.0282195
0.47291
0.493301
0.272298
-0.023988
-0.60427
-0.612937
-0.0216163
0.0769092
0.288826
0.849952
-0.0584394
0.402191
0.355282
0.363374
0.0794243
0.539405
1.16718
0.622344
0.279119
-0.192601
-0.242064
0.784435
0.449149
-0.351498
-0.399316
-0.379588
-0.430729
-0.331518
-0.352616
0.132143
0.0555748
-0.317704
0.108038
0.832946
0.554704
-0.12336
0.0532106
0.0801051
-0.751985
-0.142969
-0.114789
-0.0687384
-0.420751
0.250189
-0.111084
0.00936852
0.146716
0.197942
-0.70278
-0.851789
0.419304
0.463356
0.739933
0.343485
-0.0271306
0.388745
1.32205
1.60643
1.59213
1.41995
-1.29804
-0.691097
-0.745571
-0.599979
-0.558011
-0.912268
-1.57711
-2.16903
-2.23097
-1.32271
0.375183
0.647721
0.820546
0.658235
0.662448
1.44788
1.54563
1.4466
1.68142
0.778935
-0.576171
-0.149213
0.873197
1.14203
0.795786
1.06254
0.458113
1.01997
-0.432167
-1.06877
-0.115122
0.0986054
0.224877
0.323471
0.264743
0.99837
0.886104
-0.327157
-0.778878
-1.03923
0.0723801
-0.764617
-0.45447
-0.561874
-0.779959
-0.777992
-1.27142
-1.15324
-0.771719
-0.293009
-0.336513
0.173876
-0.56316
0.294325
1.46902
1.70154
1.79976
1.5779
1.33275
0.355089
0.672172
0.212719
0.00228835
-0.636687
0.304602
0.644995
0.544062
0.188399
0.509754
0.886944
0.484301
-0.105213
0.0455302
0.12768
-0.284223
-0.0230428
0.477449
-0.321136
-0.193266
0.605013
0.373689
0.433544
-0.732216
-0.482747
-0.0819606
-0.731465
-0.424718
-0.715027
-0.444624
-0.528465
-0.937596
-0.452796
-0.0231773
0.364038
0.7397
0.863753
-0.121185
-0.311774
-0.685517
-0.439973
0.152178
-0.54845
-0.691036
-0.338827
0.504379
1.57706
0.57324
0.82848
0.291236
0.948436
0.373671
-0.768872
-0.505841
0.129167
-0.679418
0.322116
0.376943
0.597548
0.260089
-0.151191
-0.93649
-0.786612
-0.267521
0.533446
0.423268
0.323046
-0.00327686
-0.653303
-0.279079
-0.567906
-1.24632
-0.977055
-1.17493
-1.18639
-1.03445
-1.44672
-1.50669
-1.62988
-1.12012
-0.873869
1.27331
1.21591
1.82914
1.01971
1.14204
0.739917
0.196588
0.556518
0.669664
1.07975
-0.237324
0.00376068
-0.243645
0.243021
0.489053
0.0104018
-0.395779
-0.999353
-0.486209
-0.652626
-0.152711
0.231239
-0.32765
-0.383457
-0.521791
-0.679278
-0.269823
0.226087
-0.181782
-0.284926
-0.8317
-0.319405
0.233909
0.368783
0.105633
-0.278282
-1.0492
-0.440875
-0.107874
-0.782471
-0.878053
-0.890824
-1.37592
-0.876197
-0.505366
-0.366049
0.441374
0.903687
0.000315547
-1.09445
-1.19342
-1.55857
-1.90424
-1.16487
-0.876244
0.19846
-0.0691862
-0.162634
-0.0627856
-0.289232
-0.84903
-1.01926
-0.861391
-0.622947
0.818553
0.523901
0.923908
0.579657
0.302408
0.0317872
-1.65719
-2.11366
-1.75664
-1.29498
-1.06635
-0.592892
-0.585738
-0.619271
-0.7714
-1.00167
0.507385
0.523024
0.53948
0.869939
0.244684
-0.180063
-0.546746
0.666389
-0.260764
0.0657
0.686601
-0.0527066
0.825081
-0.0715846
0.225978
0.850315
1.53366
0.84815
0.230636
0.227877
0.949773
0.185145
0.694095
0.589068
0.678649
0.542303
0.45698
-0.0705656
-0.270117
0.269953
-0.733623
-0.980848
-0.749343
-0.177877
-0.0911834
0.629846
0.4192
0.852487
-0.153892
-1.00732
-0.566776
0.0453424
-0.148817
-0.406433
-0.387196
0.0845017
0.528164
-0.0578541
-0.590621
-1.26941
0.32715
0.397538
0.307206
-0.137047
-0.222119
0.584089
0.370189
0.293997
0.924318
1.50974
0.404664
0.454976
0.35557
0.953038
0.833584
0.568301
0.559748
-0.0188367
0.144573
-0.138942
-1.17959
-1.01987
-0.860676
-0.867211
-0.957143
-0.780784
-0.844576
-1.11721
-0.943653
-1.00671
-0.170657
-0.78678
-1.44347
-1.48518
-0.440905
-0.609064
0.0401075
-0.305246
-0.467781
-0.397598
-0.526177
0.0519581
0.194767
0.261161
1.04311
0.686881
0.836429
0.28513
-0.468358
-0.1383
-0.0237822
-0.146514
-0.466178
0.14013
0.576163
0.716743
1.07149
0.73028
0.787886
0.540785
1.37901
0.896393
0.672859
1.36238
0.321572
0.468534
0.320644
0.65768
0.832197
0.577875
1.0264
0.514717
1.07619
-0.210694
-0.0603542
0.0120231
0.33354
0.0115606
0.569239
1.59054
-0.325925
-0.771871
-0.260923
-0.215008
0.808674
0.0224206
0.341619
-0.340561
-0.0954718
0.221922
0.381742
0.611149
0.266339
-0.292364
0.853519
0.597656
0.444994
-0.350498
-0.29832
0.112583
0.0601542
-0.126786
-0.0747697
0.697746
0.0790614
-0.0297782
-1.16246
-0.0803991
0.340123
0.348199
-0.644291
-0.243107
-0.63893
-1.42212
-1.15249
-0.309607
-0.0572814
-0.388794
-0.648905
-0.636167
1.53435
1.15919
1.75851
1.98936
2.55201
2.39565
1.77707
1.24173
1.18131
1.73626
-0.189038
0.129288
-0.148188
0.11511
-0.366137
-0.838891
-1.02842
-0.763943
-0.801569
-0.2402
0.550288
0.416788
0.774631
0.134846
-0.486154
-0.440909
0.369106
0.270569
0.468485
0.189147
-0.0741202
-0.718725
-0.782356
-0.512005
-0.655407
-0.154948
-0.488222
-0.769928
0.158886
-0.391797
-0.272225
0.303694
0.0915362
-0.122942
0.238664
0.0591715
-0.251277
-0.781145
0.29175
0.0484665
-0.0110404
-0.272214
-0.536194
-0.0560207
-0.0219264
0.550978
0.42024
0.166251
-0.0881242
0.0346202
-0.701926
-0.556435
-0.333447
0.0263291
0.264034
-0.0933721
0.240036
-0.968786
-1.1678
-1.10823
-0.502179
-0.7775
-0.187598
-0.553127
0.294143
0.4639
-0.226888
-0.19237
-0.14425
0.241136
-0.263069
-0.515695
-0.278479
0.0149605
-0.470799
-0.973357
-0.572798
-0.542576
-0.363103
-0.414937
-0.102931
0.469255
0.38872
-0.0164695
-0.484938
-0.131997
0.651471
0.768244
0.964907
0.467421
2.08426
1.14363
0.502993
-0.18165
0.027643
0.723816
0.0714439
-0.229029
0.479376
1.85458
0.0610243
0.623885
0.770658
0.331927
1.39935
0.615771
0.562247
0.0769456
-0.423856
0.138924
0.227444
-0.871858
0.00910516
-0.353975
0.0618581
0.0219823
-0.452425
-0.707323
-0.640298
-0.0258693
-0.462838
-0.674768
-0.171216
-0.48751
-1.09976
-1.13882
-0.576202
-0.114855
-0.0507398
-0.415281
0.199303
-0.376431
-0.467386
0.0808187
0.493433
0.564552
-0.692198
0.526008
1.27332
1.03177
-0.891157
-0.660924
-0.59031
-0.980481
-0.858831
-0.614329
-0.421732
-0.443379
-0.29249
-0.85234
0.430485
0.365024
0.310328
-0.228446
0.545984
-0.297989
0.00445983
0.525317
0.126315
0.479382
-1.14745
-1.14467
-1.21629
-1.24198
-0.840549
-1.09565
-0.962961
-0.686986
-0.487465
-0.680637
-0.324009
0.389938
-0.0124823
-1.30256
-1.0974
-0.718272
-0.97129
-0.316399
0.278818
0.00862026
-0.395777
-1.41062
-0.00234391
0.151568
-0.822946
-0.645814
-0.0731333
0.35208
-0.210771
-0.298724
-0.251829
-0.601702
-0.649059
-0.372656
-0.765575
-0.330451
-0.654724
0.278558
-0.143646
-0.131027
-0.663342
0.0962005
0.763544
0.472856
0.210439
0.194179
0.0392736
-1.01937
-1.00272
-0.693104
0.0807332
0.122246
1.0591
0.952676
0.628801
0.268917
0.354135
0.166485
0.403913
0.558633
0.689741
1.3252
1.57783
1.36501
1.24727
0.785436
0.61656
0.33999
0.381724
0.979912
-0.429828
-0.427196
-0.712035
-0.0836339
-0.114375
-0.331516
-0.648908
-0.246359
0.194866
-0.677685
-0.994675
-0.65525
-0.434912
0.0859458
0.952652
0.526453
0.280339
0.999029
0.0543952
-0.00328595
0.531329
0.250074
-0.173052
-0.63862
0.0798433
0.620423
0.135043
0.233183
0.253345
0.0706473
-0.150171
-0.414577
-0.582466
-0.16842
0.505962
0.963557
0.429014
-0.185737
-0.376235
-0.318988
0.63477
0.87618
1.33331
1.85134
0.803528
0.495047
0.146297
0.084568
0.357027
0.824467
-0.603248
-1.16613
-0.948388
-0.338356
-0.403426
0.0951531
0.66852
0.00963103
0.0610736
-1.04821
0.306329
-0.147083
-0.385428
0.13376
-0.374726
-0.625338
-0.835377
-0.95392
-0.28321
-0.0775857
-0.499098
-0.184394
-0.361374
-0.370688
0.0100043
-0.027117
-0.412839
-0.948865
-0.667489
-1.05006
-0.959172
-0.975994
-0.602027
-1.11709
-1.00247
-0.359012
-1.05351
-1.68979
-1.19672
-1.19973
-0.500083
-0.0503781
0.637592
0.862519
0.95511
-0.018741
1.45139
1.25456
0.45551
0.563533
0.218406
0.693308
0.533895
-0.760807
-0.639304
-0.391434
0.414789
0.446019
0.0559484
-1.00401
-0.244497
-0.23718
0.496774
-0.199738
-1.11503
-1.15286
-0.922997
-1.5255
-1.0516
-0.247035
-0.773893
-0.665464
-0.628921
-1.27493
-1.25086
-1.66334
-0.950173
-1.61542
-0.958254
-1.47433
0.778228
-0.0816951
0.287154
0.467912
0.391201
0.36591
0.491101
0.393911
0.365035
0.200781
0.622019
0.403642
0.372248
-0.187165
0.286933
0.152362
-0.686108
-1.25352
-0.400389
0.545122
0.789488
-0.0970165
-0.665766
-0.326287
-0.503114
-0.306588
-0.43768
-0.370763
-0.697723
0.163383
0.678071
0.620057
0.70696
0.939759
0.601907
1.34611
2.1217
2.00133
1.07567
0.647142
0.805344
1.81749
1.8863
1.31432
1.16044
0.688894
-0.711637
-0.578311
-0.346176
-0.338366
-0.106205
-0.0803039
0.262684
-0.171378
-0.792521
-0.319711
-0.354768
-0.441166
0.0179496
0.217606
0.135204
-0.0013784
0.0287773
0.638336
1.03977
0.604573
0.726721
0.391491
0.609366
0.831139
0.934445
0.561679
0.307859
-0.129598
0.507353
0.94065
0.918031
1.3492
1.40784
1.62279
