0.0550857
0.399657
0.0764663
0.550752
0.698571
-0.228067
-0.644659
-1.03491
-0.850464
0.593097
0.144604
0.138528
0.770137
0.5067
-0.357596
0.37016
0.500078
0.870958
0.907441
1.83762
0.105362
0.586286
0.443419
0.312191
1.611
1.50456
1.33808
1.58164
0.697271
0.307024
1.60141
1.56822
1.45713
0.603773
1.24421
0.373239
-0.175227
-0.73327
0.36671
0.238433
-0.679766
-1.09038
-0.677692
0.0873391
0.17123
0.637394
0.0332868
0.241198
0.725822
-0.0545409
-0.0202714
-0.260675
-0.436909
0.0943614
-0.713692
-0.551142
-1.21578
-0.671672
-0.440427
-0.510492
-0.57431
-0.0739017
-1.18689
-0.666637
-0.305866
-0.282734
0.407834
1.06919
0.862134
0.410306
0.851495
0.536962
0.411501
0.0526874
0.198048
0.366929
0.748515
1.35008
0.834218
0.570512
0.298438
1.10844
0.38851
-0.024067
-0.926752
-0.182487
-0.739424
-0.687907
-0.219003
-0.39908
1.33044
0.407616
0.102715
0.262204
1.03619
1.67779
1.23658
0.849277
0.74684
0.256108
-0.0270908
0.424511
0.481305
0.735571
1.59049
0.301253
-0.84278
0.289089
0.370863
-0.262629
-0.165909
-0.387451
0.683852
-0.182723
-0.349764
-0.579589
-0.135079
-0.836334
-0.668518
-0.0289
0.466268
1.03683
0.84898
-0.38463
0.116729
-0.319296
-0.964243
-0.907971
-0.24906
-0.0359747
0.593295
0.251277
0.391549
0.880539
-0.0688282
0.0291484
-0.0337391
-0.581746
-0.93355
-0.80932
0.400285
0.545539
0.0143856
1.00498
0.43632
0.409818
0.695345
-0.35654
-0.846108
0.235528
1.06216
0.629819
0.2928
-0.578014
0.662943
0.423939
0.764185
0.825682
0.384099
0.663012
0.0105692
-0.122009
-0.0358599
-0.321165
0.34599
-0.011941
-0.104418
-0.868095
0.456725
-0.231455
1.02551
-0.338885
0.944928
1.52867
0.911314
-0.10028
-0.162681
-0.205502
0.941822
0.909248
-2.60804
-1.9278
-0.58723
-0.346114
-0.20722
-0.196437
0.208048
-1.24242
-1.31084
-1.99815
-0.468126
-0.869355
-1.1127
-1.41985
-1.01048
-1.0513
-1.03622
-0.960013
-0.416533
-0.247674
0.228017
0.532617
-0.162568
-0.0752735
-0.56993
0.527082
0.913021
0.619158
0.88206
0.414018
0.144937
-0.972329
-0.110247
-0.8546
0.554219
-0.183982
-0.48212
-0.277788
-0.337646
-0.060317
0.737765
0.1531
0.141776
0.420296
0.0899562
0.545525
0.68472
-0.123702
-0.511465
0.172046
-0.783866
-0.786704
-0.624655
-0.401238
-0.920265
-0.221248
-0.487792
-0.347209
-0.866995
-0.363361
0.753099
0.70282
0.770825
0.34778
-1.16691
-1.79402
-1.01235
0.653177
0.0567154
0.50812
0.658471
0.325281
0.293418
1.41146
0.519343
1.01369
0.884135
1.3058
0.184376
0.664868
0.861156
0.947717
1.54714
0.607902
0.0742351
0.627412
-0.819059
-1.57854
-0.577533
0.142671
0.407108
0.832789
0.0527243
-0.656722
-1.56543
-0.402338
0.135925
0.308659
-0.0284406
-0.0788669
-0.214987
-1.2595
-0.413568
-0.696239
0.250881
-0.266904
-0.444552
-0.177984
-0.46664
-0.573117
0.291581
0.224418
-0.12892
-0.526991
0.578079
-0.448977
-0.22219
-0.801369
-0.203157
-0.0492262
0.263712
-0.588386
-0.105056
-0.180945
-0.293371
-1.3023
-0.111121
-0.805593
-1.04116
0.173677
0.666951
-0.0414162
-1.18875
0.298201
0.642058
1.27676
0.785996
1.0341
1.15525
-0.0598033
0.532745
-0.00445442
0.560527
0.412102
-0.396184
-0.0235629
-0.758499
-0.0752417
0.273636
-0.573425
-0.425032
0.0624908
-0.461852
0.283285
-0.933027
-0.611371
-0.835312
-0.759282
-0.604223
-0.120669
0.175875
0.256727
-0.344519
-0.256524
0.287864
0.104329
-0.485219
-0.714277
-0.678692
0.0657311
-0.809853
-0.939804
-1.51488
-1.12875
-1.22037
0.0932115
0.119037
0.563023
0.198536
-0.198924
-0.174847
-1.55696
-0.457283
-0.320864
0.737113
0.938801
-0.412036
0.0246248
-0.313452
0.434882
-0.418913
-0.58761
-0.249268
-0.252039
0.421684
0.665606
0.610935
0.648789
-1.00757
-0.245082
0.425609
0.277693
0.349914
1.27719
0.957304
0.0616169
-0.398637
0.852429
0.489012
0.641824
0.275326
-0.194373
0.957633
1.01494
0.676947
-0.201427
-0.909668
-0.514343
0.147105
-0.450021
0.898063
0.535789
-0.534056
-0.66883
-0.62563
-0.478665
-0.23396
0.15914
1.33989
0.0619541
0.375686
-0.208944
-0.602274
-1.2944
-0.274408
1.74068
0.758328
-0.812045
-0.374204
0.0158033
-2.0786
-1.20126
-1.28093
-1.91206
-1.42219
0.208372
-0.438826
-0.565602
-0.784652
-1.23899
-0.0243241
0.535487
-0.155752
0.247143
-0.297677
-0.288143
-0.253369
-0.0768301
-0.013551
-0.414492
0.775947
0.766656
0.394948
0.749438
0.830601
-0.371237
-1.03214
-1.15191
-0.846916
0.226856
-0.316363
-1.28763
-1.96276
-1.77602
-1.13238
0.373311
0.746142
0.506156
0.553903
-0.251691
-0.883482
-1.36123
-1.69783
-0.96323
-0.360996
0.0586669
-0.833534
-0.516394
-0.799525
-0.0247457
-0.662831
-0.964044
-0.525476
-0.640326
-0.863662
-1.2906
-1.10925
-1.68097
-0.467352
-0.523975
-0.451747
0.897662
0.464787
0.0427096
0.708155
0.408199
-0.100269
-0.932417
-0.193118
-0.464813
0.0772137
-0.00467786
-0.271421
0.190732
0.182553
-0.342129
-0.286267
-0.0349499
0.484332
-0.11943
0.788858
0.548762
-0.486429
-1.23309
-1.92867
-1.36344
-1.4923
0.0201731
0.556816
1.90426
-0.731759
-0.611468
0.32264
0.122067
-0.781376
-0.1252
-0.524434
-0.199336
-0.40859
0.43032
0.214275
-0.311384
0.092082
-0.0534464
-0.128288
0.787329
1.09417
0.810778
0.933879
0.300816
0.884932
0.57398
0.403594
1.99262
1.14196
-0.504741
-0.233057
-0.399905
0.27379
1.4257
0.704989
1.50205
0.427239
0.945452
0.363195
-0.635349
-0.578059
0.401943
1.17294
1.20743
-1.16474
-0.444709
-0.00997607
0.694382
-0.14175
0.525427
0.911934
0.972898
0.667576
0.188254
0.371163
-0.310268
-0.0631365
0.360396
0.399331
-1.18372
-0.3795
0.482123
0.0127517
-0.276199
-0.964483
-1.34753
-1.4992
-1.03583
-0.126247
-0.164409
1.0753
-0.0359883
-0.0805189
-0.267659
0.745666
0.474094
-0.40113
-0.552272
-1.1722
-1.24891
-1.84589
-0.54964
0.429784
1.26615
0.409181
0.199582
0.70658
0.563907
0.443822
1.14165
0.0184986
0.458328
0.365424
0.823475
1.19995
0.596049
-0.882303
-1.35499
-0.170542
1.43951
1.48714
1.99812
2.08455
1.363
0.149542
0.967845
0.453256
0.944856
0.282793
0.0774305
0.425265
0.150055
-0.558824
-0.519413
0.822319
0.29308
-0.239348
0.0777093
1.21625
0.615933
-0.161963
-0.472847
0.587114
0.141979
-0.813994
-1.22532
-1.15354
-1.30391
-1.11629
-0.180265
0.435071
0.510418
-0.571292
-0.0976594
-1.05056
-1.15659
-0.637544
-0.819487
-0.583003
-0.085742
0.486447
0.49998
-0.469048
-0.929968
0.620675
0.284201
1.0135
0.622173
0.681816
0.00868398
0.028655
0.490884
-0.249237
-0.290632
0.0828935
0.878842
0.308277
-0.0127722
-0.717531
0.371967
0.175723
0.119179
0.490512
0.390084
0.0390578
-0.226503
-0.453946
-0.479161
-0.653235
-0.766823
-0.373735
0.191773
-0.0944611
0.0975655
1.36808
0.413023
1.59842
-0.750101
-0.694069
-0.427162
1.2685
1.31351
1.13104
1.07059
-1.82888
-0.870576
0.4305
-0.0546324
-0.752489
-0.307767
-0.557366
0.331091
0.416706
-0.859277
-0.25318
-0.680709
-0.118392
-0.498275
0.0297315
0.692848
0.38916
0.218722
-0.905872
0.202827
0.705284
0.552322
-0.387563
-0.171927
0.26561
0.827383
0.665874
1.25961
1.0437
0.793891
0.262178
-0.783431
0.218148
0.313162
1.12665
0.796957
1.73144
1.94496
0.455443
0.152136
0.613609
-0.0673176
-0.433976
-0.771852
0.269651
0.266238
0.720565
-0.0984293
0.363676
0.753123
0.189472
0.253451
-0.578785
-1.09302
-0.194463
0.394911
-0.137983
-0.304822
0.436412
-0.00273601
-0.264393
-0.212871
0.942936
0.983381
0.522699
-0.421517
-0.96305
0.512059
-0.170301
-0.796456
-0.0890662
-0.595405
0.211791
0.313716
0.696043
0.420881
-0.0364677
0.241113
0.106972
0.382176
-0.874822
-1.15001
1.14354
0.694392
0.458862
0.0595505
-0.0382503
-0.627649
-0.478907
-0.446606
-0.466766
0.703117
-0.51567
0.0827049
0.00203414
0.0759038
-0.194204
1.23881
1.18342
0.250658
0.212731
-0.736688
-0.973802
-0.0296786
0.0945754
0.100077
0.733157
0.988475
0.802518
0.857696
0.975447
-0.0817606
-0.872906
-0.496129
-0.598189
0.703696
0.199078
0.0753349
0.137159
-0.191982
-0.898481
-0.885345
-0.549676
-0.596321
-0.662389
-0.62414
-1.45036
-0.55946
-0.166987
-0.822897
-0.776839
-0.607386
-0.371914
-0.487176
-0.198866
-0.655418
-0.286115
-0.239816
-0.602878
-0.313565
-0.706008
-0.405168
-0.266184
-0.625392
0.207547
-0.541668
-0.731139
-1.18627
-0.922669
-1.36077
1.10094
0.586945
0.522963
-0.62404
-0.833233
-0.235011
0.034128
0.753001
0.668836
0.776477
0.0206041
0.708093
0.426383
0.699988
0.528157
-0.145744
0.429918
1.09371
-0.145648
0.842942
0.153859
-0.152018
-0.671488
-0.391307
-0.428429
0.761085
1.22027
0.735099
1.0392
0.83577
-1.28672
1.07357
0.691863
-0.550623
-0.378809
1.09846
-0.952267
-0.876683
-1.19373
-0.947317
0.0697424
0.645149
0.0634738
0.740344
-0.0909757
-0.24611
-0.388948
-0.760797
-0.46197
0.689363
-0.174018
-0.7241
-0.402849
-0.244422
-0.568592
-0.769049
-0.179332
-0.256182
-0.375538
0.625473
0.108644
0.324612
0.153272
0.399577
1.33394
0.660733
0.689317
0.667099
0.203699
-0.469463
0.376995
0.522969
1.40276
1.06138
0.471244
-0.925079
-0.74322
-0.506846
-0.0613771
1.21844
-0.436769
0.535759
0.135234
-0.464627
0.134884
0.714377
0.374937
-0.567573
-0.450925
-0.603434
-0.169331
-0.720822
-0.476176
-1.26409
-0.0158369
0.050122
-1.16464
-1.18976
-0.524269
-0.102773
-0.493798
-0.464202
0.351275
1.44285
1.37341
0.521617
0.223169
0.132468
0.0994427
-0.247347
0.832299
0.773463
1.097
0.518194
-0.640848
-0.747656
0.106583
-0.0204095
0.0341184
1.17503
-0.794314
-0.526341
-0.605453
0.208381
0.244689
-0.506821
0.222314
-0.889061
-0.0839767
-0.921632
-1.07895
-0.662265
-1.0597
-0.503611
-0.121338
0.476152
1.24828
0.591685
0.107781
-0.4267
1.32417
0.740988
0.53725
-1.14777
-1.90263
-0.420003
0.551783
0.426887
0.632645
0.930777
-0.139229
-0.142481
0.179378
0.43329
-0.0133301
-0.0439239
-1.25767
0.0946112
0.0791874
0.80089
