-0.660017
-0.561015
0.044838
0.0143538
-0.0218567
-0.815601
-0.584278
-0.617321
-1.10196
-0.459543
-0.074908
-0.273332
0.493499
0.988011
0.481536
-0.294987
0.384187
0.0577303
-0.120199
-0.173618
-0.332874
-0.545519
-0.120279
0.344366
0.29295
-0.733556
-0.210742
-0.908877
-1.40015
-0.657191
-0.805126
-0.845753
-0.498394
-0.516018
-0.0688488
-0.298385
-0.869067
-0.774362
-1.00951
-1.18978
0.310118
0.475522
0.203006
-0.331413
-0.570758
-1.11893
-0.712293
-1.10371
-0.925536
-0.319656
-0.876228
-0.169924
-0.637977
-0.0539177
0.513415
1.19604
0.914974
0.980499
0.909002
-0.137087
1.91033
1.60168
1.45513
1.59429
1.043
0.517086
0.964966
1.00072
1.65709
1.68822
0.731346
-0.226246
0.789532
0.122258
0.555835
0.742551
0.036852
-0.198078
-0.266869
0.321909
0.868134
0.38757
0.330326
0.0717482
0.301209
0.214126
-0.334341
0.529488
0.334481
0.679502
0.355418
0.880547
0.72085
0.29254
0.358946
0.47624
0.517193
0.0740015
0.183059
-0.178655
-1.64444
-1.0907
-0.677927
0.00701956
-0.234764
-1.00873
-1.56388
-1.07059
-1.83999
-1.53238
-0.120314
0.703452
-0.309673
-0.772364
-1.02152
-0.693582
-0.694907
-0.342279
-0.145904
0.0295832
-0.0838092
0.406023
0.583239
-0.631266
-0.399596
-0.505027
-0.72377
-0.456061
-0.35568
0.036683
1.67874
1.48481
1.78972
1.6069
1.16817
0.808342
1.52681
1.36017
2.08762
1.48146
-0.619369
-0.867251
-1.42575
-1.54108
-1.65917
-2.39158
-1.79646
-1.69641
-0.79469
-0.902927
0.429029
-0.215466
-0.228052
0.133922
0.129874
0.566409
0.29495
0.279283
-0.64342
-0.628126
0.335894
0.0617124
-0.211577
0.530413
1.04353
0.79011
1.52383
1.35704
0.415823
0.609214
0.5263
0.379462
0.148592
-0.501671
-0.233314
0.0668386
-0.510222
-0.401825
0.221539
1.18338
1.35593
1.24211
1.0771
1.29311
0.57686
0.408278
0.478601
0.782896
1.31349
1.32685
0.62612
0.43251
0.162385
0.102229
-0.0194609
0.688622
0.463884
0.845589
1.50621
0.994367
1.16761
0.527136
0.908951
0.898428
1.35035
0.954186
0.562907
0.435947
0.902752
1.35605
-0.793016
-1.07323
-0.703222
-0.494039
-0.709783
-1.80689
-1.2145
-0.375481
-0.885545
-1.15825
-0.698677
-0.871307
-0.244122
-0.149848
-0.0548998
-0.375626
-0.872836
-0.84437
-0.837012
-0.950986
-0.423925
0.297582
-0.0140176
0.364665
0.311691
0.856038
0.998112
0.280573
0.0254969
-0.438655
0.0603173
-0.409174
0.146698
1.10898
-0.208565
-0.421315
-0.445845
0.58379
0.482415
0.0801005
-1.70117
-1.34928
-0.408855
-0.614545
-0.172678
-0.176353
-0.58929
-1.3988
-1.05709
-1.72453
-0.42749
-1.49281
-0.508203
-0.0799774
-0.318874
-0.995676
-1.583
-1.3387
-0.895443
-0.167802
0.13763
-0.081234
0.248148
0.193235
0.0324479
0.733133
0.631255
-0.230281
0.1001
0.0806255
-1.71807
-1.85935
-1.28212
-1.33032
-0.86118
-0.323234
-0.968705
-0.788731
-0.951162
-1.55796
0.399785
0.907784
0.553581
-0.198131
-0.0377233
-0.510515
0.260126
0.0535307
0.180199
0.29005
-0.770156
-0.653224
-0.799295
-1.64261
-0.978079
-1.42898
-0.598435
-0.283535
-0.448297
-1.25356
-0.488693
-0.288374
-0.927709
-0.464055
-0.023074
-0.758545
-0.559222
-0.888852
-0.919407
-0.701811
0.550475
0.916421
1.23836
0.963732
-0.0709508
-0.323905
0.566032
0.542927
0.473957
0.0254183
0.826484
1.47636
1.37141
0.688607
0.96484
0.463891
0.165422
0.259686
0.472953
1.40328
-0.599632
-0.714626
-0.953081
-0.999857
-0.551543
-1.37572
-1.33609
-2.10245
-1.32379
-1.41235
0.23736
0.3562
0.315088
0.941399
0.382789
0.182074
-0.207932
-0.0972518
0.269751
0.235148
0.657068
0.393785
0.857057
0.0839124
-0.00241271
-0.789809
-0.858796
-0.594487
0.149938
0.265589
0.32265
-0.427671
0.08589
0.588307
0.481041
0.855206
0.216764
1.20061
1.39971
0.614278
0.147852
0.435872
0.855104
0.265839
1.52736
1.29286
0.864594
0.656612
0.0301784
0.0122202
-0.91509
-0.629951
-0.567181
0.223982
1.0133
0.421368
-0.361298
-0.65056
-1.04181
-1.05811
-0.385516
0.139166
0.298306
0.125635
-0.468352
-0.806086
-0.608887
-0.829593
0.113462
0.40429
-0.0507473
0.345977
-0.249886
-0.417325
-0.460029
-0.478146
0.251189
-0.790752
0.349605
0.453716
-0.734951
-0.593141
-0.553982
-0.672365
-1.26829
-0.841895
-1.15952
-1.53674
-1.75795
-1.3671
-0.184424
0.469851
1.11534
0.809299
0.98057
0.949846
1.05753
1.18468
0.296507
0.107987
-0.0992669
0.152818
0.350625
-0.367068
-0.114474
-0.2434
0.267992
-0.524431
-0.22867
-0.115498
0.834986
1.56309
1.49487
1.00385
1.53534
1.35405
0.579963
0.102857
0.532609
0.716969
-0.305223
-1.37442
-1.24569
-1.2966
-0.969534
-1.31445
-0.936791
-0.195035
-0.30656
-0.518958
0.153826
0.317851
0.46255
-0.178404
-0.0149766
0.426997
-0.310276
-0.40861
-0.404562
-0.62652
-0.5005
-0.409785
-0.327886
-0.130438
0.220406
0.15964
0.251961
-0.389992
-0.571493
-0.406734
0.369113
0.463105
0.671641
0.67471
0.517365
-0.177291
0.411582
0.675539
-0.231338
0.0300828
-0.0338879
0.0262714
-0.393568
0.291427
0.66381
0.85096
0.514828
0.120602
-0.213179
-0.661781
-0.373205
-0.169018
-0.515824
-0.475876
-0.631185
-0.564961
-0.178642
-0.931175
0.375507
-0.559144
1.08329
1.04098
0.306711
0.0341495
-0.419183
-0.298666
0.228107
0.241612
0.315162
0.53035
1.00814
1.13927
1.02592
0.824414
0.677097
0.306079
0.287291
0.95503
0.426643
0.606314
0.291571
-0.1083
0.397275
0.307141
-0.405967
0.0683326
-0.427014
-0.0798562
0.399652
0.139948
-0.531187
-0.947237
-0.946607
-1.32674
-1.12224
-1.3345
-0.26381
-0.527206
-0.0678615
-0.855369
1.33833
0.569508
0.00312447
-0.277684
-0.184265
0.155576
-0.670772
0.63417
0.592853
0.663688
1.24032
1.02677
1.13822
1.62253
1.59056
1.27475
1.85697
2.90693
2.1741
1.71159
0.362517
0.459108
0.721266
0.522432
0.693887
0.071804
-0.534362
-1.05501
-0.320208
0.363221
0.0218294
0.62113
0.280865
0.372673
0.838965
0.513899
0.642735
0.691138
0.465421
0.417512
0.259497
0.604277
0.150298
1.02156
0.183718
0.536255
0.35382
0.554296
0.454746
1.11581
0.628309
0.311221
-0.826877
-0.716672
-0.140294
0.395096
-0.350972
0.150943
-0.129284
0.370296
0.385557
0.190967
0.537476
0.336186
0.845703
0.00989214
0.26671
0.571147
-0.1601
0.187067
0.337952
-0.394492
-0.278
0.0817329
-0.309626
0.534532
-0.652319
-0.0991638
-0.401957
-0.101677
1.19922
1.39469
1.25093
0.797219
0.423826
1.62926
1.61362
1.26829
1.09593
0.951577
0.0822638
0.564597
0.298592
0.347943
-0.0212865
0.82885
0.804218
0.568419
-0.0422033
0.0821314
1.19778
0.642182
1.45523
1.08274
1.14717
0.885574
1.97862
1.69119
2.03515
0.980019
-0.68789
0.298515
0.146475
0.445415
-0.618065
-0.00273762
-0.803958
-0.249314
-0.266611
-0.396455
-0.363183
-0.59272
-1.13246
-0.326244
0.419178
0.586602
0.900375
1.00831
0.903243
0.382249
0.310533
0.197736
0.5654
0.648551
0.56061
0.312267
-0.0120817
0.417499
0.226251
-0.0957582
-0.0214757
-0.247493
-0.539357
-1.00169
-0.142491
-0.0699889
-0.639776
-0.576693
-1.09093
-0.4182
-0.0967792
0.395409
0.190108
0.0982757
0.298805
-0.295531
-0.146914
-0.9009
-0.583797
-0.744615
-1.33144
-0.692183
-0.636701
-0.24702
-0.46444
-0.354939
-0.089508
-0.101964
0.140191
-0.38833
0.430874
0.156544
-0.194617
0.0937431
0.268203
0.723068
0.977124
1.39033
0.760044
0.0927297
0.770862
0.591186
-0.0469843
0.157803
-0.364823
-0.595561
-0.29971
-0.308708
0.708849
1.21346
-0.302185
-0.560129
0.0551616
1.2472
0.267447
0.151695
0.578239
0.530376
0.279846
0.265086
-0.221238
-0.0620027
-0.157804
0.00654644
0.414524
0.289847
-0.0570548
-0.467148
-0.31408
0.191309
0.507834
0.0381006
-0.683893
-1.31131
-1.59343
-2.03421
-1.66299
-0.867639
-0.812299
-0.0539875
-1.66891
-1.4393
-1.01093
-0.338487
-0.631176
-1.18327
-0.980922
-1.50478
-1.83446
-1.20484
0.265536
-0.357525
-0.0261033
-0.314902
-0.0802266
-0.382034
-0.0101079
1.33503
0.48602
0.0610845
0.840269
1.32101
1.85918
1.40727
1.14524
1.08491
1.00508
1.12566
0.880995
1.30021
0.771277
0.518964
0.737694
1.08629
1.09281
0.461377
0.448043
0.0547099
0.710615
0.492095
0.926523
1.11776
0.96814
1.05927
1.0571
1.04977
1.8562
1.67307
0.837374
1.20501
-1.13362
-1.8013
-2.01022
-1.29335
-0.691892
-1.14592
-0.792223
-0.74611
-0.682194
-0.715856
0.897914
0.746653
0.423842
-0.129867
-0.302548
-0.424856
-0.45892
-0.35165
0.460645
0.241831
0.255602
-0.0248551
0.486114
0.984152
1.4612
1.72543
1.06596
0.262581
0.0917272
0.957467
2.18014
1.89172
1.70276
1.26604
1.3145
1.45205
0.849347
1.43161
1.6326
1.51454
0.0725423
0.818676
0.723297
0.960898
0.695478
1.21532
0.832786
0.398183
1.20763
1.1341
0.978033
0.6245
1.29693
0.864567
1.09768
0.0412153
0.31833
0.503697
0.751383
1.09808
0.134582
0.0218225
0.272624
0.328866
-0.211427
-0.293993
-0.18664
0.132911
0.194418
-0.621852
0.266541
-0.0414453
0.348952
0.979853
0.894736
0.695185
0.650368
0.548267
0.809285
0.156789
-0.733275
-0.415031
-0.465232
-0.369696
-0.796628
-0.456016
-0.462992
0.422964
0.170368
0.00670107
0.850946
1.27453
0.870942
0.305293
0.342633
0.787112
0.433766
1.03064
1.04688
1.17009
-0.47859
-0.521006
-0.266858
-0.22151
0.141848
-0.338877
0.0611364
-0.000637615
0.826507
-0.188372
0.803047
1.47443
1.35366
1.16595
0.78851
0.861182
0.253748
0.921071
1.20494
0.561002
-0.34824
-0.50287
-0.538045
0.158427
0.18687
0.423671
-0.00119263
0.0760726
0.693758
-0.043561
-0.000381575
0.422642
0.537068
0.746431
1.13571
0.738416
0.218286
0.677598
0.264355
0.492694
0.148965
0.41157
0.489234
0.47287
0.235867
0.169159
0.480251
0.679848
0.215837
0.13844
0.166282
-0.30012
-0.645409
0.0690295
0.344425
0.199938
-0.646437
-0.259141
0.192743
0.140476
0.903928
0.906992
1.3593
0.967678
1.38325
0.954062
1.1439
1.56213
1.21263
0.457725
