1.09915
-0.809715
-0.750337
-0.737153
1.51909
-1.01092
0.514982
-0.316012
-0.281718
-1.69949
-0.979533
-0.227964
0.0111776
-1.18694
0.211599
0.0378693
0.367853
-0.158714
1.17298
-0.458128
-0.921306
-0.0290452
-1.07753
0.311926
0.324976
-0.465351
0.726082
0.388019
-0.902191
0.918092
-0.458223
0.269907
-1.11038
0.574856
-0.603144
0.842328
-0.621612
0.0509617
0.53023
-0.0451147
-0.26824
0.665328
-0.685501
1.20447
-1.14907
0.667079
-0.257548
0.334918
-0.0896872
-1.07516
-0.778082
-0.163296
-0.196024
-1.02827
0.767097
0.716027
-0.676293
0.589422
0.873527
-1.14554
-1.17057
-0.175905
0.0572351
-0.61718
-0.443501
0.277378
0.49323
-0.38827
-0.371425
0.358776
0.119508
0.43205
-1.50659
-0.524208
0.115398
0.727331
0.441276
-0.36841
-0.567553
0.255419
0.214671
-0.519982
0.602977
0.181477
-1.27458
-0.210447
0.397406
-0.431378
0.0634642
0.449806
0.327994
0.0678151
0.479868
-1.34195
0.350279
-0.261216
0.297175
-1.02908
0.0223086
-0.507899
-0.87403
1.11532
-1.16257
-0.311745
-0.367616
0.479865
-0.577868
-0.525876
-0.487306
1.22117
0.349283
0.432099
-0.11093
0.160209
0.857864
-0.433373
-0.940647
1.69195
-0.612936
-0.565006
0.649814
0.205847
0.859007
0.347722
-0.806123
-0.155085
0.51052
-0.563733
1.01982
-1.85455
-0.185997
-0.572984
-0.315725
0.405558
-0.528583
1.74448
-0.656341
1.10844
-1.30147
0.961988
1.09263
-0.72806
0.261795
0.0488282
-0.957137
-0.236254
0.807111
0.305866
0.00261751
-0.523842
0.108513
0.126332
-1.23831
0.701427
-0.423899
0.135657
-0.210654
0.202757
-1.09289
0.394984
-1.52682
0.644474
-1.60813
1.8831
-0.480316
-0.0625331
-0.26998
0.845529
-0.713055
0.872862
-0.426951
-0.138416
-0.999436
1.13763
-0.151516
0.917417
-0.586634
0.351802
-0.331987
0.48898
-0.303407
-0.487616
0.506033
0.756057
-0.398341
-0.733533
0.0146802
-0.131371
0.262929
-0.498028
1.1683
-0.0812641
0.759755
-1.92752
0.381633
0.300268
0.40773
-0.492797
1.38923
-1.23424
0.269522
-0.987666
0.474202
0.575672
0.576629
-0.769792
0.784697
0.397112
-0.37214
-0.512047
0.96737
-1.55151
0.465544
-0.453136
0.116308
0.619232
-0.119973
-0.70465
1.55796
-1.55119
-0.593929
0.880895
0.350102
-0.257912
-0.0799943
-0.785604
0.667423
0.509708
-0.363325
0.082185
0.978468
-1.33126
1.16917
-0.751974
0.505209
-1.22056
1.91603
-0.801527
0.619867
0.150231
-1.11146
0.489472
-1.27723
0.609897
0.19481
0.195752
0.540256
-0.423328
-0.643056
0.1082
1.56695
0.322239
-1.17064
0.432192
-0.429602
-1.33061
0.794363
-0.366997
0.211897
0.645038
-0.327823
1.36426
-1.3
0.865857
-1.45763
0.738841
-0.639869
-0.606976
-0.658404
1.95901
0.887646
-0.0434149
-0.35785
0.417945
-0.710613
1.30963
0.719974
-0.305441
0.655002
-1.11183
0.270743
0.780629
-0.161452
-0.10908
-0.481744
0.425818
-0.626184
0.584936
0.561839
-0.172199
0.524844
-0.358403
0.825204
0.625596
1.04305
0.725428
-0.236152
-0.940684
0.64101
0.479832
-0.982666
1.87903
-0.447866
1.28894
-0.375469
0.796308
0.0881621
0.857607
-0.846728
0.49747
0.552753
-0.123873
-0.536152
0.816131
0.0388301
0.75351
0.386734
-0.492989
-0.0827242
-0.575566
0.913248
-0.950429
0.927344
0.591192
-0.0808523
0.687565
-0.207637
0.29061
0.0523336
-0.389904
-0.759991
1.09709
-0.127734
0.410274
-1.36286
0.596242
-0.592028
1.32539
-1.39952
1.63296
-0.203752
0.377928
0.148658
-0.800968
-1.05816
0.549704
0.0148346
0.818019
-1.07905
0.0358947
-0.151191
0.464011
-0.0817345
0.749174
-0.42605
0.842691
-0.525654
0.293201
-0.441812
0.85353
-0.125471
0.394385
0.0430162
0.776291
-1.41624
0.805635
-1.26009
0.55819
-1.78939
0.129108
-0.511315
-0.397808
0.0973592
-1.12242
-0.172832
-0.321275
-0.00886488
-0.566891
0.861794
0.19483
1.15487
-1.43556
0.232052
0.326017
-0.572149
-0.389357
-0.130868
0.864135
-0.653666
-0.246263
0.0918865
0.389663
-0.651068
0.805509
0.61374
-1.61703
1.01087
-0.619987
1.2369
-0.387893
-0.185286
0.368126
-0.60114
0.737907
0.532195
-1.05509
-0.412455
-0.0132839
-0.308406
0.54223
1.68128
-1.52044
-0.398849
-0.00152268
-0.619243
0.135131
0.208104
0.382256
-0.542903
0.169402
-0.185318
0.0814906
0.273849
0.429999
0.402141
-0.788744
0.530596
-0.971285
0.997729
-0.739162
-0.719948
0.569275
-0.804436
-0.612804
0.89438
-0.394855
1.44238
-0.702625
0.340551
0.47533
-0.499483
-0.227614
-0.710098
0.747109
-1.84861
0.485344
0.220352
-0.770506
1.15411
-0.105001
0.404904
0.258874
-0.185977
-1.13807
0.430886
-1.202
-0.278187
-0.123438
-0.00160708
-0.657855
0.318318
-1.40451
0.427585
-0.498035
-0.205084
0.479257
-0.0518311
-0.461195
-0.631166
0.564938
0.610061
-0.879686
0.505885
-0.821372
-0.622768
0.297933
-0.352908
-1.46174
0.151478
-1.10066
0.353475
-0.114895
0.21088
-0.268904
0.14418
-1.22778
0.162749
-0.501267
0.084348
-0.870105
-0.114716
-0.211152
1.23914
-2.12835
0.0226703
-0.414424
0.942367
-0.125451
0.796347
-0.457398
0.0200111
0.910803
-0.330352
-0.920473
-0.189022
-0.763525
-0.260762
-0.212093
-0.00962777
-1.34302
0.129668
-0.0580445
0.922698
-0.357382
-0.527508
-0.574855
-0.333017
-0.267461
0.892074
-0.459586
-1.38569
-0.0634516
-0.785962
0.101915
0.0713543
-0.460066
0.39151
-0.707357
-0.273113
0.772651
0.873004
-0.989243
-0.595444
-0.0668664
-0.439201
-0.0793633
-0.796921
0.484146
-1.15957
-0.79877
0.300948
0.206669
-0.0932155
0.522064
-1.80901
-0.0614609
0.339911
0.0134905
1.47619
-0.201681
0.226798
-0.432933
0.64406
-1.19011
-0.463005
0.157687
-0.750602
0.705988
0.302385
-0.0492625
-1.56513
-0.314933
0.147851
-1.16402
1.51054
-1.2126
0.860765
-0.466502
0.0540955
0.505589
-0.225532
0.453863
-0.523061
0.574226
-0.284679
-0.37177
0.718065
-0.319824
-0.447686
0.821944
0.752566
0.346144
0.310907
-0.890269
0.626847
0.0326705
-0.0335207
0.0175497
0.285648
-0.597012
-0.0170428
-0.474062
0.251597
0.150294
-0.128665
-0.927129
1.37205
-0.376543
1.75691
-1.37949
0.46593
0.23342
-0.979898
0.955346
-0.348082
1.00211
-0.305783
0.697377
-0.257825
-0.00795933
-0.429281
0.633772
0.482086
-0.798948
1.06437
-1.54301
0.86055
-0.252082
0.0634587
-0.186364
-0.488879
0.133255
-0.369002
0.631457
0.375876
0.358593
0.419302
-0.679467
0.0247307
-0.0417143
-0.520031
0.535401
0.36102
-0.957811
0.099936
-0.825177
-0.420684
-0.110123
-0.118176
0.25575
1.75092
-0.174184
-0.675835
0.81033
0.690146
-1.46975
0.783478
-0.0365213
-0.336498
-0.328083
-0.119183
0.160231
-0.965941
-0.118826
-0.693809
0.44306
-0.608499
-0.0788344
-0.695117
0.14262
0.360432
0.0399282
-1.11431
0.474829
-0.198222
0.233453
0.587581
-0.295771
0.785901
-0.747432
-0.843972
0.664155
-0.332477
-0.0141574
-0.119368
-0.60845
1.14634
-0.0138928
-0.669976
1.00654
-0.741826
-0.28205
-0.870769
0.492326
-0.49774
0.481963
0.160885
-0.394432
0.904919
-0.485223
1.1023
-1.77117
1.53825
-1.48183
0.360534
-0.48566
-0.250003
0.640579
-0.377819
-0.953793
0.471519
-1.05293
0.0778025
-0.0865304
0.0613175
0.484093
-0.212331
0.218082
0.591606
-0.237321
-1.11863
0.316372
-0.424728
1.86738
0.621574
-1.2267
0.381413
0.259202
-1.31867
1.10009
0.91889
-1.21651
0.735067
-0.193709
-1.57076
0.282603
-1.13778
0.58121
0.656753
-1.07712
-0.686033
0.956463
-0.342968
0.691855
-1.3466
-1.32287
-0.210094
-0.11964
-0.694987
0.864164
-0.235812
0.823015
-1.189
0.937432
-0.263791
0.160138
0.74218
-0.496788
0.113814
0.516904
-0.999529
0.807591
-0.045422
0.822026
0.133278
0.0560795
-0.758165
0.372983
0.771446
-0.431684
0.662747
0.353258
1.25575
-1.29745
0.769962
-1.07542
0.997142
-1.40893
0.746821
-0.557322
-1.24303
0.840538
0.148118
-0.00135218
-1.10976
-0.497888
0.132561
0.503986
-1.1213
0.551871
-0.85517
0.665334
0.190657
-0.999724
-1.09798
0.310963
-0.408038
-0.236133
0.934608
-0.330027
0.314137
-0.489344
0.0883561
0.147907
0.33885
-0.128001
0.928264
0.716713
-0.232063
-0.705579
0.137688
-0.565659
0.00763634
-0.24997
0.868432
-0.787653
1.99595
0.0620958
-1.13404
0.311525
0.34269
0.0588814
-0.243283
0.208691
0.356778
-0.41484
0.186799
-0.869272
-0.88549
0.144305
-0.57622
-0.977422
0.800553
0.176861
-1.35824
1.1918
-0.445764
1.15441
-0.588367
0.535827
0.0586922
-0.689371
1.06943
-0.799158
1.45894
-0.751766
-0.0488421
0.861136
0.756143
-1.03181
-0.299426
0.512121
0.406962
0.340164
-0.66777
0.123468
0.499652
0.170236
0.293189
1.10823
-1.02126
0.760382
1.09984
-1.09064
1.13292
-0.0677788
-0.455802
0.626745
-0.760866
0.656757
-0.278241
0.827143
-0.0350451
0.539742
-0.173483
-1.18945
0.104938
-0.158446
0.114363
0.447477
-0.435828
1.27725
-0.306335
-0.554084
0.936286
0.420322
-0.473237
-0.526721
-0.27455
0.371223
-0.595327
-0.882566
-0.670379
-0.657635
-0.23691
0.335959
-0.79415
1.00874
0.829561
-0.255158
-0.964795
0.788143
-1.34846
1.16365
-0.465408
-0.284753
0.70232
-1.4879
0.859973
-0.920275
0.761952
-0.0214882
-0.264957
-0.392273
-0.155521
-0.346923
1.04103
-0.246755
-0.143075
-0.444128
0.817724
-0.302867
-0.283322
0.34199
-1.15763
-0.444626
0.283046
0.493634
-0.00512289
-0.333563
-0.537496
-0.90377
0.229176
0.678235
-0.821296
0.0184128
0.0348054
-0.279969
0.376476
-0.539982
0.0690477
0.776102
0.585346
-0.132684
0.489851
-0.224131
-0.312048
-0.533705
0.0351357
0.18414
0.27472
-0.707913
0.201086
-0.949191
-0.0933466
-0.228765
0.0448626
-0.269783
-0.137511
0.128728
0.424148
-0.595086
-0.181529
0.128899
1.08962
-0.262502
0.0669908
0.207397
0.870033
-0.867787
-0.395507
0.570787
0.49534
-0.682112
0.314217
0.0993341
0.113915
0.79698
0.135894
-0.226433
-1.02663
-0.944763
1.10736
-0.0236948
-2.13797
1.32356
-1.47449
0.594905
-0.476377
0.605288
0.504781
-0.316488
-0.563919
-0.222906
0.623579
-0.731595
0.738353
0.00862531
0.346917
-0.943753
0.503145
-0.88471
0.546809
-0.890078
0.581658
-0.887961
0.0597509
0.104896
0.03658
1.06572
