-0.423976
-0.664531
-0.0657613
-0.434979
0.494137
-0.472916
-0.567606
-0.580818
-0.315144
-0.184511
0.253504
-1.20171
-0.983636
-0.885526
-0.139967
-0.334841
0.519112
0.224617
-0.670933
0.758421
1.28703
-0.713808
-0.606587
-0.0639657
0.154048
-0.1539
-1.16425
0.144799
0.106004
0.152211
0.194328
-0.445758
-0.273537
0.0654547
0.0617631
0.766486
-0.478272
0.437195
-0.541807
-0.179319
-0.137905
1.50813
0.538383
0.545415
0.707904
0.878406
-0.238856
-0.71003
0.745673
0.237339
-0.139919
0.259332
0.153764
0.384942
1.09298
-0.270289
-0.292251
0.396745
0.0958288
-0.479901
-0.630207
-0.268802
0.474108
-0.0408768
-0.555951
0.625955
0.757758
0.588033
0.79304
0.0913905
0.229054
0.276855
0.51675
-0.894239
0.315578
0.230178
0.176249
-0.187832
-0.599206
0.399012
-0.158619
-0.946461
-0.169365
-0.0405355
-0.264258
-0.238705
0.412852
-0.635779
-0.545658
-0.859498
-0.559162
0.68881
1.05224
-0.00288945
-0.169427
0.862375
0.561516
0.213769
-1.75732
-0.41161
-0.178695
-0.840414
0.559413
-0.123594
0.105953
-0.754976
0.90094
1.11839
0.301396
-1.12516
-0.167517
-1.02439
-1.07467
-0.0498013
0.326576
1.40633
0.135584
-0.77543
-0.743726
-0.739895
-0.372013
-0.184139
1.41483
1.51217
-0.105313
0.14136
-0.28395
-1.23977
0.26904
0.856756
-0.695083
-1.27192
-0.769169
0.454393
-0.325618
-0.304158
-0.668577
-0.639814
-0.753359
-0.291863
-0.231682
-0.0803445
0.493279
-0.0880415
-0.851226
1.12208
0.450697
0.0275309
0.380678
-0.350888
-0.651585
-0.190753
-0.69699
-0.971025
-0.994475
0.0118111
-0.22648
-0.0199177
0.134625
0.0916747
-1.44079
-0.954961
0.345902
1.01468
0.998338
0.284133
0.925199
0.54138
-0.804198
-1.33296
-0.7649
0.623329
-0.655337
0.763481
-0.703113
0.0803154
-0.941383
0.599521
-0.930185
-0.933918
0.775265
1.18965
-0.545469
0.258547
0.770664
-0.649704
-0.747176
-1.60126
0.100947
-0.363005
1.25491
1.04185
0.752838
-0.271885
0.24172
0.154288
1.1757
0.376364
1.40606
-0.313134
1.0595
-0.0712527
-0.676759
0.0538837
0.662857
0.0748098
0.0241382
-0.66116
0.85031
0.549972
-0.0259826
0.762493
-0.314856
0.654637
-1.33954
0.670568
0.168944
-0.0879745
-0.118405
-0.162916
1.14352
0.931053
-0.55054
0.559123
2.06191
-0.0496197
1.64884
0.985994
-0.740235
1.06825
0.620322
-0.414882
0.788817
0.575349
0.168766
0.657477
1.56816
0.194408
-1.18961
-0.787358
0.736979
0.744136
1.06349
-0.527392
-1.37434
-0.339102
1.28755
-0.915169
-0.497305
-0.165895
0.0748357
1.06517
0.819256
0.2739
0.0407829
1.16484
-0.22989
-0.699513
0.394816
-0.155976
-0.838236
-0.791242
-0.221575
0.184928
-0.0533485
-0.554896
-1.04206
0.417777
-0.439191
-1.25295
1.37916
0.803858
-0.192129
-0.878217
0.72851
-1.40137
-0.509374
-0.326833
0.0226613
-0.493156
-0.510878
-0.198505
-0.420538
-0.816719
-0.0742441
-0.260069
0.694783
0.239168
0.0510785
0.0319664
-0.0893116
-0.240933
0.249868
-0.481767
-0.622588
-0.60519
-0.476401
0.029881
-0.339513
-0.537608
0.631495
0.618386
-0.62388
-1.42339
0.0241615
-0.173645
-1.94838
-0.0281243
1.39499
0.804935
0.340197
0.50039
-0.356246
0.614123
-0.240329
-0.986699
0.761358
-0.378843
-0.0586598
-0.837069
-0.438215
0.825249
0.249906
0.669955
0.216666
0.428455
0.0239375
0.541389
-0.127336
0.674085
-0.0610116
0.313335
0.566911
-0.490001
1.22862
0.162273
-0.547151
0.263338
-0.19649
1.64025
0.404402
0.780735
-0.186693
0.741486
0.883567
0.0491398
0.496672
0.491457
-0.451143
0.303604
-0.288146
-0.539177
-0.010306
-0.324801
-0.171245
0.427762
-1.34008
0.645247
0.336622
0.843483
1.19663
-0.712423
0.730468
0.522609
1.06345
0.0362696
0.224254
0.810931
0.581823
-0.0258243
-1.57389
0.182562
1.16045
0.0105578
-0.152116
-0.566571
-0.906295
-0.447217
0.226016
-1.20427
0.243909
-0.0557971
0.105532
-1.40115
-1.07994
-1.1
0.276446
0.216815
0.0811369
0.429886
-0.810764
-0.688253
-0.330423
0.711748
1.83137
1.00713
0.565688
0.444521
0.778063
0.327012
-2.31811
0.191811
-0.902006
-0.0101719
-0.12296
0.843268
-0.727823
0.307933
-1.00426
-0.291476
-0.482232
0.011146
0.27028
-1.26914
-0.751134
0.0195913
0.905845
0.0874023
-0.123
-0.661604
0.339825
-0.243586
0.767241
-0.0316126
-0.754009
-0.390285
0.185701
-0.548366
1.49208
0.0713256
0.671988
0.188204
-0.189538
-1.00666
0.014053
0.306321
-1.8077
0.563617
0.581686
-0.298289
-0.674131
-0.572726
-0.788209
-0.012328
0.0697529
-0.0158492
0.370519
-0.988801
0.533934
-1.08023
0.781854
-0.184947
0.474012
0.56892
0.875794
-0.227654
0.423797
1.55702
0.650738
-0.451934
0.665233
0.0293236
-0.465163
0.950612
0.635139
-0.129079
-0.261111
0.905609
0.129208
-0.502
1.09533
1.74896
0.961187
-0.445439
0.353772
-0.260877
-0.515185
0.106017
-0.384116
0.563871
1.65525
-0.453087
0.118407
0.530029
-0.386707
0.870966
-1.00855
-1.58473
-0.0243653
-0.62526
0.0747155
0.481735
-0.0842099
0.940078
-0.0796271
-0.410806
-0.0342335
-1.18771
-0.420381
-1.43278
0.99347
0.0769967
0.0831452
0.046926
-0.182029
-1.46828
-1.65193
-0.428657
0.452835
0.650406
0.0784776
0.216243
0.789713
-0.581533
-1.05448
0.106657
-0.505838
1.65004
0.220631
0.694082
-0.0467614
-0.438389
1.35728
-1.60824
-1.59004
-0.179995
-0.197718
-1.20247
0.591387
0.380573
-1.11691
-0.283031
0.0498699
-0.212143
0.180327
-0.215951
-0.448596
-0.425883
-0.36287
-0.143906
0.228544
-0.622231
0.250796
-0.136136
-0.0481694
0.972569
0.0613568
-1.28202
-0.98159
-0.747846
-0.199833
-0.858967
-0.863593
-0.693664
-0.603544
0.175252
-0.906084
0.207095
-0.593117
-0.0473863
-0.565995
-0.881315
0.0793216
-0.529937
-1.42594
-0.650205
-0.809436
-0.0416036
0.329211
0.0556911
-0.360634
-2.16898
-0.199779
0.0727186
-1.35821
0.769157
0.0462205
-0.845072
-0.13883
-0.222769
-0.111259
0.417852
0.992165
-0.0160929
-1.15343
0.387347
1.22428
-0.17727
0.690538
-0.167811
0.740411
0.169723
0.491282
-1.14894
-0.736569
0.157974
0.195246
0.589038
0.837881
1.04236
-0.195874
0.545605
0.51646
-0.273951
0.285981
0.0230476
0.462787
-0.552814
-0.528421
-0.533832
-0.182175
0.417427
-0.682431
-0.379982
0.0611729
-0.495553
-1.06559
1.8029
0.211702
-0.440046
0.49651
0.250768
-1.16237
0.355836
-0.520446
0.313963
-0.233668
-2.58285
-1.53747
0.003767
-0.881282
-1.33638
-0.743193
-0.121612
-0.644154
1.01611
0.797243
0.512667
0.20401
0.0915968
-0.305469
0.156927
0.233127
0.759452
0.872914
0.365945
0.404164
0.57994
0.115965
-1.28241
1.60886
0.559862
0.694182
0.109469
-0.599886
0.56884
-0.690257
-0.389272
0.633783
-0.316745
0.515969
-0.425947
0.417331
0.300972
-0.0173492
-0.5039
0.301279
0.140906
-0.135299
-0.013178
-0.101103
-0.02918
-0.528859
-0.431304
-0.428376
-1.10132
-0.767901
0.947388
-0.0274395
-0.228747
-0.600899
-0.0554403
-0.510462
-0.603593
-0.207758
0.927698
0.88891
-0.787978
-0.796108
0.535773
0.554453
0.349264
0.551368
0.217908
0.29367
-1.33762
-0.560742
0.600559
-0.209183
0.870565
-0.0238568
1.16141
0.474253
1.16508
1.33391
0.666323
-0.433691
0.115978
-0.780227
-0.982656
0.688642
-0.159811
-0.145012
0.829694
0.00794714
-1.29232
-0.11457
-0.51559
-0.60041
-0.741511
-0.38778
-0.953902
-0.821815
0.0322622
0.343748
0.17955
-0.247747
0.0217886
0.95604
-0.572384
-1.31422
-0.0465822
0.15478
0.747682
1.07595
-0.475502
-0.361435
0.183961
0.553216
0.498263
-0.376086
-1.09183
-0.113016
-0.826432
0.476769
0.698117
0.133061
0.107818
0.109487
-0.869531
0.257853
0.255069
-0.64685
0.294146
0.489997
0.347829
-1.6353
-0.120715
-0.456713
-0.799852
1.15521
-0.370998
0.657417
0.330022
-0.0131715
0.0434576
0.0783657
-0.00184877
-1.52057
0.439534
0.268162
-0.389137
0.967839
0.0697862
0.891316
-0.516242
-0.806167
-0.00426952
0.0687714
-0.645885
0.505849
0.0515949
0.327394
1.28413
0.6008
-0.102021
-0.00789883
-0.0129268
-0.0986976
0.11426
0.617973
1.61302
0.00432372
0.134426
0.392597
-0.00378111
-0.0947644
-0.578415
0.827195
-0.252049
-0.362981
-1.11604
-0.268369
-0.280484
-0.406509
-0.736486
-0.336802
-0.300785
0.369639
-0.325914
-0.09792
1.14489
0.600768
0.316734
-0.199039
0.581032
1.5015
0.892727
0.149641
-0.240073
0.0924908
0.204999
1.06357
0.395101
0.252944
0.357884
-0.106885
0.560532
-0.814177
-0.749451
0.449165
-0.080368
-1.14591
6.34957e-05
1.15527
1.10052
0.0721088
0.746103
-0.0524113
0.31031
0.304561
0.701055
-1.06948
-1.33728
-0.584664
-1.3189
-0.10181
-0.524996
-0.160011
2.3546
-0.619117
0.0964843
-0.373711
-1.13039
1.17363
1.57141
0.612965
0.371753
-1.2012
-1.62411
0.305718
-1.10586
0.158824
-0.335668
0.0739488
-0.471091
0.488733
1.04551
0.616843
0.392031
1.10731
-0.182492
-0.954292
-1.04871
-0.905022
0.156896
-0.307677
0.246208
-0.157805
0.442113
-0.250433
0.309698
-0.349281
-1.15589
-0.517373
-0.00534176
-0.257738
0.572576
-0.0362322
0.116869
1.22291
0.174739
-1.07765
-1.14698
-1.68378
0.12269
-0.222002
-0.346251
0.110679
-0.220656
-1.47451
-0.892547
0.536371
-1.16707
0.00020488
1.2047
2.06599
-0.205057
0.0164436
-0.0704732
-0.462696
-0.842721
0.514926
1.19705
0.0348948
0.238345
-1.06399
0.512055
0.996506
-0.559998
-0.0416065
-0.392189
-0.464993
-1.39431
0.615663
0.463873
0.795697
2.04267
-0.544212
-0.493793
-0.056636
0.141619
1.15927
0.357824
-0.60065
-1.45849
-0.631755
-0.0227623
0.519787
-0.573313
-0.410949
-0.385982
0.0913721
-0.097341
0.309031
-0.171965
0.551156
1.87636
1.533
0.667644
0.89259
0.459924
0.216334
-0.328198
-1.18364
-0.188672
0.103831
0.957581
0.276762
0.576499
-0.940435
-0.89627
0.00400789
0.488462
1.80154
0.369754
0.122263
-0.857819
-0.353729
0.875387
0.0868599
0.910331
0.327389
0.396385
-0.0886738
1.24372
0.880167
-1.02299
0.0629594
-0.147431
-1.18922
0.0103342
-0.358525
-0.485846
0.864726
-0.459555
0.122041
0.968991
0.78028
-0.685196
-0.0139006
0.265318
0.801385
1.20412
0.196227
1.2911
-0.650032
-1.60836
-0.820579
0.36156
