1.25285
0.646015
0.342411
0.11953
0.875717
1.31084
1.03813
0.324865
0.239667
0.970228
0.115263
-0.315981
-0.237879
0.334828
-0.0558696
0.0204115
0.0679172
0.419621
-0.246797
0.120479
-0.137043
0.124265
0.168218
0.423729
0.31608
0.613032
0.635345
0.18788
0.134443
0.791247
-0.244054
0.700447
0.9619
-0.186003
0.180682
0.424864
0.559316
0.505698
-0.320229
-0.956083
0.780933
1.15528
0.290836
0.32397
0.476741
0.600333
0.43816
0.616056
1.23509
0.448646
-0.443051
0.180287
0.50531
0.410327
0.947203
0.769171
0.433965
0.23733
0.0328519
0.167652
-0.674283
-0.287825
-0.367161
-1.30754
-1.05323
-0.949949
-0.292815
-0.582671
-0.576951
-0.730253
-0.526997
0.111513
-1.15743
-1.09638
-1.30184
-1.34305
-2.06085
-1.98416
-2.21619
-1.55745
0.44735
0.125396
0.987487
0.786596
1.42047
1.87371
1.56284
1.25811
0.974598
0.954554
-0.221568
-0.752489
-0.330694
-0.639062
-0.0512756
-0.188564
-0.586586
0.0446021
-0.309459
-0.421947
0.460488
0.527235
1.28323
0.451767
0.234766
0.3639
0.8937
0.69198
0.552644
0.771482
-1.1537
-1.12976
-0.887172
-0.4441
-0.70378
-0.783676
-1.01264
-1.71964
-2.22013
-0.705971
-0.672553
-1.19891
-0.813729
-1.39974
-0.897188
-0.518261
0.211413
0.814057
0.453812
0.31189
-1.08227
-0.412083
-0.0347965
-0.241063
-0.387901
-0.317379
-0.226369
-1.17239
-0.706343
-1.13557
-0.185134
0.186298
0.0498512
0.617962
0.0269712
-0.419904
0.247543
-0.286278
-0.784129
-0.751918
0.0288846
-0.273274
-0.547704
-0.407717
0.543136
0.932295
0.753686
0.437045
0.249933
-0.082193
0.295204
-0.256723
0.328857
-0.100132
-0.189116
-0.230605
-0.025561
0.285015
-0.219527
-0.363959
-0.614869
-0.272984
-0.947832
-0.45532
-0.896227
-0.893007
-0.396563
-0.0777252
-1.80474
-0.745643
-1.90309
-1.27475
-1.24817
-0.339122
-0.552281
-1.09559
-0.815688
-0.612417
-0.172928
-1.32593
0.0888068
-0.0886174
-0.263792
-1.16859
-0.516465
-0.118438
-0.0239936
0.231423
0.175435
0.245625
0.805854
1.5065
1.05824
0.807988
0.43987
-1.05153
-0.228969
0.277907
-0.723523
0.126236
1.50334
1.65263
1.12757
1.15351
1.33955
0.69244
0.920356
0.982475
1.14736
0.600691
-0.201763
0.0454704
-0.514536
0.181383
0.734494
0.565581
0.490148
0.397974
0.0361455
-0.0358232
0.0757624
-0.0866995
-0.269006
0.0189142
-0.165888
0.226094
0.871651
0.868443
0.86423
0.573178
-0.136705
1.05846
-0.259281
-0.174154
-0.160541
-0.322839
0.193659
-0.42816
-0.602791
-0.907864
-0.0226221
0.378914
0.338613
1.34741
1.50349
1.76447
1.31866
0.706567
-0.211296
-0.585034
0.649754
0.550764
0.483238
0.766814
0.900668
1.07059
1.50141
1.6446
1.11005
0.758667
2.01796
1.77557
1.0135
1.25385
1.27418
1.94496
1.44657
1.55989
1.74574
1.49737
0.357491
-0.158645
-0.0285818
0.275996
-0.231987
-0.215728
-0.321758
-0.076599
0.669427
0.19796
0.0212879
0.0696369
-0.117318
-0.0103016
0.273261
0.428759
-0.490703
-0.938481
-0.0832424
-0.175353
-0.0528222
0.0456518
-0.42026
-0.059374
0.251853
0.744758
0.164842
-0.264178
-0.322238
0.217705
0.490566
0.431017
-0.0753841
0.194902
0.098423
-0.22773
0.0570127
-0.181875
-0.321021
0.239669
0.633849
0.42852
0.554484
0.173753
0.276734
-0.315014
-0.144455
0.0846662
0.376646
-0.0598084
0.226593
0.554567
0.657808
0.188923
-0.569283
0.073732
0.951653
1.44429
1.58972
0.633607
0.860505
0.627878
0.894662
0.391721
-0.439302
-0.775203
-0.411811
-0.354408
0.535403
1.10637
0.0409028
0.22157
-0.397937
-0.911539
-1.05835
-0.0491533
0.233887
0.806238
0.450038
0.740386
-0.521668
-0.873407
-0.310832
0.743703
0.208741
-0.382854
-0.0013454
-0.542252
-0.658026
-1.08426
-0.0510015
-0.0245547
0.386285
-0.203946
-0.918721
-0.787368
-0.914305
-1.91894
-1.72416
-0.721137
-0.314133
-0.640199
-0.91687
0.00510875
-0.3299
0.222349
0.695648
0.071897
-0.238356
-0.401266
-0.272616
0.0248374
0.848487
1.54985
1.63287
1.31221
0.798518
0.692624
0.657937
0.272018
-0.31949
-0.883007
-0.17982
-0.728407
-0.174467
0.499911
0.211136
-0.295018
-0.117661
-0.49122
-0.102004
-0.170656
-0.438585
-0.0264858
0.426025
0.0640197
-0.364883
-0.609101
-1.45407
-1.08222
0.802821
0.660386
0.393293
-0.407828
-0.939813
-0.680062
0.364785
-0.0743702
-0.251892
-0.107024
0.14089
0.590038
0.584296
0.444212
1.32161
1.26998
0.607052
0.844312
0.918032
0.676481
1.54233
0.909108
0.768295
0.565752
0.34184
0.550159
0.378765
0.739498
0.623439
0.961645
-0.824845
-1.11366
-0.605792
-0.40721
-0.116089
-1.1325
-0.93918
0.0275569
0.246914
-0.358822
0.334391
-0.0161965
-0.103788
-0.164899
-0.891086
-1.32241
-1.16451
-0.874362
-0.881702
-0.927771
-0.572072
-0.990568
-1.01572
-0.487935
-0.179603
-0.777796
-0.067622
0.118017
0.797787
0.435451
1.13282
0.579382
1.26081
1.47156
0.754276
0.784681
-0.375973
0.541209
-0.103646
-0.111863
-0.186983
-0.513444
-0.275207
0.729777
0.553333
0.83785
0.4329
0.19519
0.187496
0.342563
-0.139159
-0.0803587
0.396721
-0.392606
-0.088521
0.446357
0.361022
0.501275
0.195149
0.148519
0.382367
0.296225
0.143742
-0.0623214
-0.40052
0.394878
0.717609
0.106042
-0.422786
-0.706847
0.809934
0.630156
0.438041
0.253538
0.650717
-0.0445932
0.689632
0.803079
0.616316
0.613063
0.0274305
0.0740161
1.27002
0.359123
0.355464
-0.588977
-0.378303
0.243223
-0.430059
0.230776
2.01114
1.44955
1.75476
2.44996
2.73531
1.89672
1.57208
1.12933
0.891184
1.23231
1.62225
1.91397
1.70163
1.34148
1.28471
1.03087
1.24896
1.15925
0.582119
1.04162
0.205289
0.831291
1.50292
0.896741
0.889767
0.708012
0.733902
0.446113
0.386784
0.727615
-0.363155
-1.02428
-1.0308
-0.620444
-0.519231
0.158734
-0.328441
-0.672669
-0.306808
-0.569989
0.657514
0.281762
0.344987
0.440296
0.483086
0.372021
0.0642217
0.333598
0.875245
1.45453
-0.862038
-0.668169
-1.06759
-1.13928
-0.342635
-0.30777
0.0718297
0.0371571
-0.654157
-1.09189
-0.351745
0.362552
-0.542202
-0.862495
-0.743383
-0.358106
-0.103832
1.03332
0.855065
0.541004
0.166573
0.273524
0.357937
0.290867
-0.602568
-0.780826
-0.866424
-0.0879661
-0.0463647
-0.289554
1.02225
0.288652
0.038438
0.746948
0.723532
0.516763
0.39733
0.59777
0.0393424
0.835605
-1.08676
-0.484977
-0.976768
-0.714682
-0.820745
-0.698085
0.835926
0.302462
0.404907
0.226394
-1.54585
-1.31198
-1.05867
-0.525223
0.10877
-0.261503
-0.827242
-0.997317
-0.943113
-2.02524
-0.802299
-0.625032
-0.93686
-0.0737897
-0.0219222
0.557228
-0.623962
-0.668884
-0.88267
-0.447723
-0.716278
0.239259
0.0712498
0.210393
0.142971
0.603022
0.666071
0.700352
0.603522
-0.618639
-0.189548
-0.213521
-0.126003
-0.528178
-0.838625
-0.203243
0.357713
0.33133
0.677724
0.288781
0.543963
1.0246
0.833674
1.90678
1.26064
1.06843
1.06473
1.2229
1.17418
0.667818
-0.722112
-0.163579
-0.115011
-0.179
0.0144114
0.335625
0.370746
0.548088
-0.274747
-0.753061
0.502295
0.406737
-0.00420026
0.195501
0.658449
0.136777
0.198255
0.132995
-0.0149394
0.139806
0.798326
-0.185653
-0.570552
-0.334333
0.217319
0.409903
-0.176747
-0.406016
0.109718
0.378677
-0.756807
0.275746
0.0735977
-0.29393
0.191798
-0.112031
-0.193617
0.0513244
-0.361811
-0.00251585
0.189173
0.0441894
0.469232
0.512293
1.82624
2.06542
1.04935
0.618596
0.396194
0.586178
-0.138794
-0.581205
-0.649694
-1.28568
-0.707181
-0.24288
-0.0372871
0.741129
0.00676387
0.419742
-1.58734
-1.73448
-1.67647
-2.72974
-2.70906
-2.1441
-1.15622
-0.553961
-1.39936
-1.2168
0.362464
0.315111
0.389038
-0.0649862
0.215566
0.35601
0.0899091
-0.40139
-0.0107019
0.257193
-0.210439
0.0302087
0.259029
0.283291
-0.298704
0.262027
0.25888
-0.0264842
-0.774883
-0.834474
0.684322
0.421718
0.617533
1.45217
1.50978
1.31546
0.889181
0.312223
0.512266
0.371521
-0.984621
-0.171385
0.105073
-0.419081
-0.11369
-0.349422
-0.499319
-2.21774
-1.22214
-0.888192
-1.03182
-0.988265
-0.472561
-0.485913
-0.180766
0.348309
0.633169
-0.341259
-0.281985
-0.55097
0.610827
0.416719
0.326045
1.00985
1.16061
1.02829
0.764243
0.627075
-0.037557
0.516866
0.138791
-0.921921
-1.48076
-1.24679
-0.874003
-0.522125
0.120121
-0.190027
0.641479
0.253403
-0.594958
-1.04857
-0.717664
0.0299724
0.238907
0.801034
1.55415
0.637108
0.0541862
-0.66682
-1.15944
-1.43192
-0.960301
-0.305219
-0.635564
-0.414165
-0.00604913
-0.322099
-0.776014
-0.716666
0.0179302
-0.0330777
-0.0355783
-0.457339
-0.235703
-0.211696
-0.147664
0.385203
0.0411968
-0.534637
0.321817
0.0987232
0.598424
0.329958
0.0653326
-0.201099
-0.23082
0.753058
0.724672
0.229623
0.236817
-0.381501
-1.6459
-0.499336
-0.526337
-0.734617
-0.299015
-0.292389
0.441381
0.183098
0.593081
0.565118
0.77945
0.323043
0.556156
-0.616212
-0.540126
0.328255
0.016507
1.03531
1.13192
0.0852577
-0.409422
0.190907
-0.680241
-0.79996
-0.197349
0.602427
0.404098
0.801775
1.41402
0.910548
0.751174
0.68017
0.143007
0.445769
0.0805736
0.213457
1.20164
1.12824
-0.541221
-0.36047
-0.613662
-0.223193
-0.393075
-0.72983
-0.200351
0.049534
-0.00479577
-0.0986864
-0.355264
-0.431275
-0.831892
-0.180145
0.757044
0.492004
0.0904429
-0.134386
-0.100938
0.0147797
-0.879756
-1.39519
-1.49266
-1.41278
-0.943095
0.353137
0.723856
-0.450536
-0.355328
-0.69682
-1.36799
-1.87679
-1.94588
-0.689521
-0.90678
-0.421156
-1.40219
-1.53785
-0.966543
-1.46935
0.676289
0.963128
-0.21384
-0.320067
-1.05488
-0.16427
0.142055
0.694206
0.524874
0.0782995
-0.312194
0.758361
0.421858
-0.0718638
0.337629
-0.235239
-1.45953
-0.829258
-0.469478
-1.26108
0.279154
0.0787757
0.679303
0.715717
0.234736
0.845869
-0.136831
0.389777
0.141238
-0.0808185
0.51436
0.792248
0.76576
0.173297
0.025205
0.101891
0.354559
0.717778
0.709276
1.11584
-0.901296
-0.906387
-2.01674
-1.41895
-1.23499
-1.58209
-0.879371
-0.823493
-0.618449
-1.13972
