-0.290502
-0.0712014
-1.50378
0.0823053
0.15794
-0.858115
0.487842
-0.535318
-0.353886
-0.0647583
-0.0830397
-0.843704
-0.69024
0.686267
0.0240754
-0.52903
-0.705475
-0.413564
-0.834994
-0.359281
-0.522036
0.441765
-0.0761149
-0.043671
-3.65222e-05
-0.680112
0.0130525
-0.038809
-0.501934
0.893745
-0.517542
-0.623035
-1.19841
-1.43553
-0.201512
0.179077
-0.431508
-0.494029
0.449124
-0.371305
0.0569566
-1.47772
0.12906
-0.23964
0.404252
0.804465
-0.228453
0.166215
0.170446
0.459995
-1.21996
-0.0308939
-0.791915
0.545466
-1.12283
0.403512
0.856697
-0.783212
-0.194081
0.561096
-1.293
-0.506267
-0.103141
0.611659
0.247498
0.140015
-0.674011
0.600057
1.22512
-0.875045
0.121623
-0.332474
0.161937
-1.4514
-0.554562
0.81022
0.244793
0.7863
-0.622813
-0.604683
0.866235
-0.332312
-0.179785
-0.214205
0.183359
0.707765
-0.630343
0.916336
0.943768
-1.55264
-1.13468
0.280468
-0.871611
-0.237508
0.196987
-1.83896
0.252443
1.72108
0.906565
0.214389
-0.771691
-0.319021
1.06755
-0.96309
0.340439
-0.120024
-0.0633881
0.056785
1.02453
-0.599547
0.0464536
0.674131
0.438356
0.877804
-0.621534
-0.0127961
0.950138
0.0415486
0.810665
-0.141294
0.76101
-0.735882
-0.100565
0.016807
-0.153535
-0.231331
-1.40807
0.0764669
-0.404107
0.750605
0.829641
-0.24971
-1.46098
-0.401369
-1.65667
-0.921599
-0.47608
-0.397382
0.375105
1.41489
-0.621855
0.517183
-0.406159
1.27786
-0.707191
-0.702492
0.0972801
0.692904
-1.77343
0.670168
0.105371
0.131076
-0.803271
0.933175
0.155368
-0.264294
0.0445732
-0.183365
0.311717
1.28168
-0.269787
-0.688977
-0.606416
-0.716817
-0.185938
0.34116
-0.573705
0.223628
-0.225435
0.934195
-0.024721
-0.383705
-0.00870953
0.149149
0.0169753
-0.157252
-0.175662
0.717739
-0.00987992
1.03855
-0.309937
1.15389
-0.00953594
0.991419
-0.544201
0.486419
-0.346614
-0.27874
-0.453756
0.427639
-0.165972
-0.577911
0.604644
0.314361
0.346602
1.11457
0.839367
-0.224266
0.510439
0.218033
0.822561
-0.470589
0.475659
0.57287
0.118436
0.344036
0.684749
-0.378677
1.21433
-0.664283
0.955346
0.856677
-0.128678
0.798113
-0.0753668
0.109422
1.05602
-1.07408
0.592336
-0.428285
-0.435244
-0.333697
1.33723
-0.983448
0.562151
-1.32759
0.492406
0.118624
-1.62449
-0.396345
0.486618
-0.554441
-0.269522
0.796475
0.337652
-1.33315
1.36389
-0.215138
0.0733638
-0.269457
0.314557
-0.0303985
-0.0503502
0.588246
0.769816
0.397449
-0.750046
-0.981481
0.433359
-0.111223
-0.671532
0.708723
-0.303508
-0.537435
1.64079
-0.217833
-0.398538
-0.673877
-0.0330083
0.97143
-0.941587
-1.2351
0.0987884
-0.335641
-0.367196
0.00864348
-0.078045
0.663119
-1.44339
1.62532
-0.156051
-0.534603
-1.53448
0.310583
-0.398972
-0.409707
-1.66643
-0.517297
-0.799676
1.51358
-1.55377
0.324894
1.1991
0.0830832
0.38008
-0.455198
0.189522
0.169689
1.27341
0.0754812
0.721774
1.12731
0.585362
-0.420866
0.0430367
-0.340525
-0.584344
-0.410072
-0.0111658
-1.24662
0.386608
1.23571
0.89142
-0.595952
0.466729
0.433069
-0.263668
0.537737
0.434336
-0.909729
1.40266
0.418409
-0.78431
0.409198
-0.558143
-0.0320742
0.405607
0.0634073
0.00458859
-0.149335
-0.467156
0.659622
0.771354
0.287929
-0.122552
-0.695772
1.13283
-0.802913
-0.469022
0.25086
0.219199
0.00989417
-0.487542
0.476318
-0.315177
-0.471424
-0.103849
-0.0702417
0.05821
0.865969
0.546266
0.344517
-0.624364
0.507461
0.443279
-0.168277
-0.60666
-0.45594
-0.226027
-0.120696
0.659105
0.881698
-0.343467
-0.202716
-1.18171
-0.0513815
1.29299
0.0397984
0.72898
0.110023
1.24864
-0.461462
0.882098
-0.58881
0.633389
-0.0824693
-0.642336
-0.325542
-0.383287
0.847625
-1.05901
0.823926
0.920427
0.381943
-1.71581
0.238823
-0.0412496
-0.234664
0.462258
-0.20503
0.917576
0.478292
0.277173
-1.79301
0.239732
0.853212
-0.843848
1.12947
0.181557
-0.542736
0.168627
-0.986041
1.05802
0.371644
-1.7196
-0.0745522
-0.679123
0.918368
-1.04022
0.905221
0.368379
-1.43146
0.483482
-0.546887
1.17071
-0.243973
0.715345
0.559025
0.565677
-0.0980676
-0.525553
-0.247713
-0.744706
-1.2428
0.000484511
-0.222275
-0.229405
0.869491
0.144288
-0.850626
-0.331148
0.0233143
-0.622285
0.176774
-0.427027
0.255522
0.511369
0.174792
-0.316511
-1.15597
0.0582649
0.718649
0.602171
-0.0896577
1.65573
-0.613211
0.594489
0.361034
0.425565
-0.262145
0.0552795
0.909695
-0.573126
0.0927374
0.0898863
-0.151779
-0.997956
-0.70218
1.088
-0.776109
-0.387731
0.26006
-0.372923
-0.614409
-1.32367
-0.512913
-0.436228
-0.676223
1.11585
-0.474329
-0.649251
0.144907
-0.508351
-0.464915
1.48687
1.55488
-0.563326
0.904093
-0.770339
0.0501133
-0.729919
1.50935
0.559987
0.731866
0.0674238
1.26232
0.37365
-0.0437241
0.474198
0.434282
1.07447
-0.184841
-0.344383
0.72487
-0.457568
-0.65072
-0.134851
0.469955
-0.163713
-0.132757
0.796668
-0.345726
0.46074
0.603313
-0.0825812
0.411432
0.126013
0.963
0.320872
0.597653
-0.934939
1.11066
-0.302995
0.319011
-0.410051
0.68724
0.551947
-1.76605
0.621353
-0.272839
0.251786
0.0209177
-0.519685
0.00950788
0.422272
-0.487805
1.2388
-1.4443
-0.402415
0.613464
-0.391665
-0.513071
-1.55009
-0.783679
0.288286
0.136351
0.609629
-0.899994
0.201622
0.0369943
1.35956
-1.10127
-0.841801
0.334258
-1.77418
-0.382243
-0.210844
0.569359
0.201494
-0.349456
0.610394
1.215
-0.607362
-0.798114
0.624308
0.634671
-0.577695
-0.0870937
-0.00107951
0.221163
0.315709
-0.41234
-0.701908
-0.766115
0.0145263
0.465733
0.579696
-0.249353
0.209912
1.20647
0.0665589
-0.723329
-0.969757
0.172866
-0.0204485
-0.385203
-0.170024
0.296263
0.976674
-0.84378
-0.205713
0.110217
-1.21252
-0.0232933
-0.800837
0.679051
0.129955
0.229812
-0.419507
0.0656899
-0.363072
-0.0489125
-2.00761
0.311763
-0.294476
0.440745
-0.191326
0.551373
-1.19616
0.50383
-0.142663
-0.905146
0.622008
0.524133
1.70595
0.234575
-1.19014
0.653856
0.992403
-0.802144
-0.3383
-0.06608
0.367854
0.557225
-0.776915
-1.81314
-0.604158
-0.744934
-0.43989
0.666532
-0.8469
0.48355
1.24154
-1.24513
1.93163
-0.44769
-1.03986
0.674662
-1.35844
-0.398328
-0.390637
-0.752099
0.162199
1.3789
-0.703702
0.415311
-0.216042
-0.501277
-0.131768
0.166468
0.864262
0.641576
-0.305217
0.957104
-0.600577
-0.0804396
-1.39633
0.524957
-0.448842
0.122943
-0.49959
-1.59733
0.288423
0.0444495
0.112008
-0.631472
0.0276239
-1.81945
0.644674
-0.504445
0.894592
0.497225
-0.138795
0.436229
-1.55402
0.307765
0.16995
-0.857167
-0.524406
0.82285
0.285707
-0.566427
-0.392966
0.300428
0.116194
2.13219
-0.700684
-0.0991236
0.34276
0.98556
-0.468763
-0.21581
-0.122421
0.507799
0.0186687
-0.274432
-0.815657
1.88097
-0.198027
1.56797
-0.00771582
-0.452274
1.1357
-0.963096
1.10371
0.470623
0.690717
0.863691
-0.256248
-1.82425
-0.251405
-0.577329
-0.160414
1.54946
-0.943169
0.386063
-0.45336
0.867501
-0.829609
0.750321
-1.05772
0.656182
0.0801336
0.415299
-0.43885
-0.512979
0.636628
-1.25425
0.997783
-0.313218
-0.630084
-1.33593
-0.457738
0.13597
-0.0996375
1.30671
0.969397
0.480085
0.398082
-0.31762
-0.262615
-1.05379
0.271521
0.966326
0.666092
0.566043
-0.19884
-0.778833
-0.676924
0.741508
-0.544839
0.172759
-0.253501
-0.13311
-1.28118
-0.517525
-0.177424
-0.766427
-0.357432
0.651246
-0.0445371
-0.324947
-0.128386
1.12822
-1.22582
-0.701243
-0.444781
-0.255727
-0.484691
0.578331
-0.417331
0.79429
-0.476199
-0.29292
-0.0923161
-0.148241
-1.03563
-0.00436469
0.321142
1.39302
0.659926
-1.31782
0.542237
-0.481269
1.08979
-0.525743
0.417666
-0.485135
-0.0929647
0.835745
-0.458339
0.973204
-0.00925103
0.15969
0.447114
0.0560394
-0.0941754
0.886527
-0.958156
-0.103404
-0.507967
-0.258305
2.01802
-0.515383
-0.140359
0.229036
0.992689
-0.963502
0.0333227
0.472167
-1.36245
0.862367
0.0616184
-0.0396513
-0.363222
-0.00496984
-1.40651
-0.14884
-0.245981
-0.108233
-0.342564
-0.248934
-1.2149
-0.446523
-0.877596
0.140274
-0.993639
0.489074
0.743329
-0.222694
0.243843
-0.676206
-0.761268
-1.03201
-0.417636
-0.757966
0.0496673
-0.685935
0.51258
-0.452106
-0.328802
0.0181873
0.592848
-0.943151
0.943623
-0.235744
-0.201544
-1.21472
-0.471584
-0.466716
0.453677
0.222015
0.186931
0.126592
1.10836
0.709642
0.0249247
0.510334
-0.00671767
-0.199453
-0.153844
0.765672
0.900986
-0.374046
-0.243932
0.38678
0.472633
-0.164366
-0.144899
0.871639
1.93173
0.117181
0.196056
-0.123343
0.27342
0.345494
1.5389
-0.401105
0.0472251
-0.0872243
-0.695552
-1.20362
0.12024
-0.900572
0.0127866
-0.888715
0.0835515
0.00812774
0.192717
0.799558
-0.172905
0.226475
-0.0843526
1.23184
0.0771059
-1.80449
0.542904
0.0938583
0.393397
-0.447535
0.583704
0.80279
-0.236023
-0.675753
0.0491223
1.02343
-0.434253
-0.272585
0.5755
0.413029
-0.225356
-0.277627
-0.969163
0.481597
0.901215
-0.46483
0.257697
0.372553
-0.662425
0.893225
0.0393786
-0.29709
0.75405
-0.183727
1.303
0.0143413
0.351781
0.0949845
-0.562341
0.195923
-1.19457
-0.379638
-0.881731
-0.278905
-0.435899
-0.127937
-0.51016
1.09309
-0.0994986
1.42622
-1.3775
-0.572908
-0.623431
-0.577153
0.687163
-0.539088
0.87847
-0.346291
-0.509487
0.412028
-0.659179
-0.519716
0.173605
1.61631
-1.59583
-0.883507
-1.30538
1.65229
0.309937
0.824323
1.15886
0.841095
-0.327034
0.122959
-0.589344
0.956008
0.0279946
-0.489119
1.72352
-0.691081
1.71845
0.751698
-1.26557
1.42808
-0.0378338
0.133588
0.639616
-0.259998
-0.266835
0.0373699
0.678293
-0.653412
0.0337453
-0.971108
0.675031
-0.617541
0.222177
0.899947
0.440333
0.495186
1.22003
0.100612
0.976563
0.146727
0.093678
-0.267666
-0.92315
0.117194
-0.025438
0.327532
-0.366864
-0.460599
0.587688
0.263626
0.441987
0.153331
-1.96556
-0.960734
0.280869
0.405831
0.117074
1.27117
0.581816
0.97568
0.74249
0.0156062
-0.221139
0.0405846
-0.0458222
-0.16229
