0.584906
1.16177
1.10596
1.19344
1.04993
-0.165928
-0.0182983
0.259489
1.166
0.296511
-0.161262
0.357027
-0.0255652
-0.460655
0.0904941
0.148856
0.358268
0.0451999
-0.782975
-1.05742
-0.14785
0.108754
0.0182246
-0.0497375
0.346619
-0.167689
0.188715
-0.40924
-0.345474
-0.0324393
-0.112405
-0.175605
-0.108405
0.157641
-0.206207
-0.4618
0.226884
0.508843
0.117985
-0.407394
-0.0845752
0.372803
0.447189
0.417671
-0.264523
0.657412
0.25764
0.61729
0.544398
0.0916099
-0.56965
0.174439
0.243676
0.142241
0.419332
-0.0993072
-0.757401
0.381817
0.0852942
-0.580149
-1.47842
-1.44143
-1.71585
-1.10017
-1.08749
-1.13248
-1.27284
-0.640378
-0.518371
-1.78335
-0.290912
-0.267818
0.0701877
-0.394793
-1.2984
-0.528844
-0.305559
-0.0524037
0.0942491
-0.0590197
-0.951274
-0.421831
-0.554722
-0.627555
0.400345
-0.0819313
0.161468
0.199709
0.276045
-0.250281
0.892828
0.655323
0.934196
0.348259
-0.117085
0.699113
0.534347
0.952359
0.999573
0.553214
0.064894
0.373109
0.542217
-0.687909
0.202031
-0.0892222
-0.544075
-0.214551
0.706022
0.303483
-0.637072
-0.829543
-0.27971
-0.699655
-0.76534
-0.172132
-0.0971737
-0.381619
-0.362394
-0.681095
0.956974
0.689702
1.19641
0.505422
0.0424855
0.290068
0.185225
0.294083
0.0951243
0.291647
1.30669
0.709845
0.586459
0.201216
-0.0433304
0.495979
0.893476
0.602703
0.385253
0.514836
-1.3365
-1.57869
-1.48077
-1.38482
-0.400231
-0.37676
-0.118047
-0.305693
-0.35366
-0.935887
0.804261
0.30503
-0.205316
-0.516014
-0.258954
-0.143618
-0.552252
-0.484807
0.824821
0.816075
0.315561
0.182548
0.31008
0.413497
0.442419
-0.190347
-0.41975
-0.311883
-0.56162
0.0916284
0.538843
-0.213817
-1.02479
-0.704979
-0.939876
-1.70679
-1.53486
-0.935867
0.13464
0.726047
0.521526
-0.0801056
0.0972371
0.0734694
-0.264741
0.640721
1.10777
0.885001
0.826721
0.0643194
1.36812
0.435325
0.210926
-0.47484
-0.235783
0.674266
0.818989
1.47956
1.65439
0.633879
-0.5219
-0.282511
0.0598158
-0.537309
-0.929577
-0.963674
-1.10865
-1.18876
0.177824
-0.128419
-0.492627
-0.0749985
-0.717107
0.329818
-0.380993
0.361212
-0.0727652
-0.674417
-1.71595
-1.16878
0.345114
-0.367344
0.076479
-0.155295
-0.87257
-0.648392
-0.340118
-0.524064
0.242867
0.0967058
-1.08975
-1.19976
-0.57315
-0.257034
-0.525288
-0.743021
-1.10368
-0.719289
-1.04174
-0.764564
-0.5651
-0.236965
-0.134354
-0.542046
-0.406921
-0.149784
-0.375464
0.482284
0.171678
0.022451
1.09896
0.124344
-0.227906
0.0291478
0.457067
1.35003
1.46351
0.744609
0.836151
1.04383
-0.267094
-0.691003
-1.40031
-0.77708
-0.948206
-0.692414
-0.973219
-0.305682
0.00671293
-0.111565
-0.37585
0.00366656
-0.218503
0.487163
0.420265
-0.351026
-0.165827
-0.213314
-0.787094
-0.409878
-1.46366
-1.27594
-1.17974
-1.34487
-1.6717
-1.57081
-0.916183
-0.588544
-0.264057
-0.817728
-0.338535
-1.11071
-0.92537
-0.77295
-1.11761
-1.07515
-1.50016
-1.17901
-1.1083
-0.117544
-0.258907
0.70277
0.931369
0.865578
0.27261
0.852384
-0.301598
-0.670678
-0.516424
-0.255119
0.358758
0.635921
0.488155
-0.041847
-0.0316612
-0.338927
-0.154059
0.357076
1.2466
0.385327
0.215756
0.150127
-0.0367582
-0.528632
-0.769079
-0.780515
-0.190227
0.0878981
0.13513
0.443638
-0.596051
-0.147848
0.831175
0.610952
1.12943
0.86495
0.407517
0.263419
0.298496
0.0123086
-1.21826
-1.17914
-0.44466
-0.243125
-0.356488
-0.428959
-0.0299329
-0.592144
-1.5459
-1.84185
0.192517
0.684272
0.791449
0.0615071
-0.175536
-0.437772
-0.524732
0.142646
1.23641
0.976512
-0.705811
-0.369908
0.049907
0.848752
0.726847
0.872729
0.935242
0.304571
-0.39007
-0.412403
0.066607
-0.326612
-0.213526
-0.200974
-0.250617
-0.723323
-0.558145
-1.08531
-0.468063
-0.684516
1.11878
1.23036
1.76428
1.52423
1.51529
1.09715
0.341134
1.15941
1.49079
1.62342
0.485787
-0.273487
0.379942
-0.18407
-0.334018
0.271477
-0.680437
-0.381198
0.932789
0.645631
-0.678729
-0.124719
-0.220655
-0.201925
-0.657179
-1.08265
-0.989184
-0.398779
-0.644463
-0.389643
-0.391509
-0.233046
0.0838387
-0.466054
-0.302362
-0.831544
-0.548067
-0.524413
-0.478762
-0.407324
-0.334959
-0.541811
-0.368041
-0.961275
-0.22217
-0.286705
0.237548
0.291557
0.104061
0.072294
-1.26773
-1.26917
-0.642871
0.255408
-0.00886768
-0.375874
-0.206482
0.128395
0.240957
-0.6301
-0.627929
-0.834892
-0.728921
-0.350112
0.0579347
0.0700724
-0.394996
0.0319461
-0.18067
-0.321627
-0.0212536
0.229546
-0.0669212
-0.058445
-0.283229
-0.243447
-0.334847
0.134944
-0.712327
-0.0410551
-0.117638
0.89717
1.0352
0.0925646
-0.603945
0.408572
0.620086
0.106722
-0.842194
-1.06119
0.400259
1.1118
1.03151
0.534535
0.293895
-0.116216
-0.576486
-0.500047
-0.0578467
-0.184303
-0.0441785
0.51788
0.872058
0.545041
0.344067
0.678614
0.205693
0.130847
-0.490377
-0.571898
0.985508
0.70989
0.532918
0.547042
-0.222395
1.22592
0.699271
0.0946457
0.833491
0.761651
0.111808
0.862767
1.22895
1.40083
0.569384
0.121378
-0.622112
-0.772413
-0.214701
-0.428713
0.248325
1.08699
0.58579
0.601366
0.599803
0.101386
-0.0953514
0.246155
0.460526
0.259703
-0.729398
-0.261184
0.299433
-0.383696
-0.265688
-0.198505
-1.05713
-1.17912
-0.474938
-0.957136
0.761833
0.685409
0.475725
0.796895
0.562034
0.810815
0.649551
1.31132
0.642702
1.08737
-0.750422
-0.603644
-0.912926
-1.05843
-0.0616589
0.102722
0.0671227
-0.826695
-0.980296
-0.37781
-0.966642
-0.395904
-0.427295
-0.632988
-0.780568
-0.891713
0.201071
0.502568
-0.317509
-0.0653113
1.08659
1.03568
0.821547
1.29794
1.19308
1.02017
0.488215
1.00429
0.964567
1.0698
0.269409
-0.0796517
0.179406
-0.97771
-1.62472
-1.21188
-0.0833405
-0.15104
-0.52157
-0.123737
-0.221977
-0.17407
0.398002
0.331809
0.38835
-0.22609
-0.414161
-0.280311
-0.741769
-0.459644
0.929008
1.13798
0.930191
0.584416
0.736886
0.574087
0.308937
0.115487
0.88427
0.691746
0.743925
1.21858
1.5336
1.79333
1.19373
0.955609
0.0660814
0.192968
0.427263
-0.0503347
-1.45718
-0.723343
-0.616157
-0.814294
-0.591255
0.736195
-0.335012
-0.495541
-1.37147
-2.07815
0.592885
0.349946
0.909464
0.831986
0.761155
0.516455
0.597738
0.873786
0.742124
1.16247
-0.614315
-0.625218
-0.639964
0.300829
-0.0348662
-0.457936
-0.327108
-0.638798
-0.265281
0.194414
0.626873
0.210503
-0.206011
0.47321
-0.0678817
-0.51597
0.439064
0.093569
-0.179728
0.481875
-0.270977
-0.502837
-0.0429078
0.236505
0.816277
0.589484
0.42281
0.197536
0.0664742
0.554096
-1.0191
-0.850605
-1.23293
-0.78567
-0.615043
-1.26165
-1.73734
-1.40136
-1.80429
-1.66272
1.45501
1.28254
1.19057
0.724353
0.597456
0.0042985
-0.298218
-0.0419799
0.793827
0.68684
0.287975
-0.285069
0.0652788
0.17774
0.594727
0.341566
0.0306265
0.170747
0.0801821
0.465144
0.463689
0.429708
0.835489
1.17196
0.660632
0.277702
1.1616
0.73357
1.41237
1.26072
-1.0717
-0.595169
0.224483
0.335542
0.277555
-0.522115
-0.19172
-0.510872
-0.771029
-0.852748
-0.850473
-0.589351
-0.143568
0.353514
0.638918
0.18458
-0.309849
-0.0684121
-0.613347
-0.76321
0.678414
0.611359
1.19506
1.011
0.868296
0.386634
0.42062
0.240479
0.342943
1.13986
-0.613822
-0.822362
-1.13104
-1.12807
-0.405282
-0.77013
-0.953352
-1.00365
-1.18825
-0.836173
-0.809389
-0.458728
-0.621905
-0.479806
-0.0932771
-0.441921
-0.0325467
0.14968
0.249791
0.11083
-1.8185
-0.840771
-0.187792
-0.0207221
0.350759
0.199351
-0.637849
-1.28055
-1.27907
-1.54298
0.686952
0.64996
0.661216
0.431912
0.623144
-0.0188307
0.057537
0.90161
0.586876
0.186982
0.175655
0.239219
0.626592
0.563508
-0.0967031
0.111033
-0.365329
-0.364449
-0.470983
-0.426506
0.888191
1.08593
1.04002
0.884777
1.07606
0.968799
0.655577
0.613258
0.188921
0.940232
0.214707
0.0652666
0.127571
0.126218
-0.471309
-0.683109
-1.52478
-1.59025
-0.879094
-0.169555
-0.66312
-0.909598
-0.431453
-0.402324
-0.911534
-0.0553464
0.0536041
-0.559196
-1.57057
-1.10648
0.819628
0.719383
-0.109347
0.713946
0.178231
-0.179832
-0.246776
-0.0828227
0.271802
0.383941
0.371236
0.589521
0.503667
0.835863
1.25623
0.983314
1.37705
1.2377
1.17433
1.13724
-0.0536443
0.29614
0.167597
0.503505
-0.14087
0.136911
0.406742
-0.453671
-0.383735
0.210949
-0.36604
0.0951017
0.118594
-0.274412
0.0205282
-0.440596
0.143428
-0.0142798
0.0164572
0.537193
0.46128
0.189287
-0.0669242
0.632126
0.850166
1.09405
1.18315
0.994118
0.65949
0.873556
0.165317
0.36975
-0.32229
-0.0541854
0.632385
0.43819
0.519037
0.462005
-0.161261
-0.441744
-1.52696
-1.31483
-1.91116
-1.21289
-1.10997
-0.979854
-0.630768
-1.17235
-0.957834
-0.902605
-0.506985
-0.0791169
0.0625806
-1.13195
-0.503489
-0.178754
-0.22856
0.385116
-0.395778
-0.619492
-0.507475
-0.304061
0.305834
-0.302332
-0.26815
-0.0211857
0.133373
0.271149
-0.0668596
-0.0771831
-0.803092
-0.748091
-0.168393
-0.544014
0.11002
-0.543635
-0.676704
-0.87115
-0.372406
-0.847756
-0.772716
-1.15366
-0.673087
-1.151
-0.344847
-0.253365
-0.928921
-0.936232
-1.47648
-1.39822
0.174129
0.309561
-0.622756
-0.645488
-0.170579
-0.473519
-0.468424
-0.326233
-1.16799
-0.184207
-0.626113
-0.663084
-1.06384
-0.821503
-1.37846
-0.496463
-0.0142626
-0.0446559
0.256364
0.171761
-0.292214
0.424801
0.090796
-0.120901
-0.0453003
0.428741
0.889404
0.0602618
0.126574
-0.193087
0.464177
0.557796
0.652683
0.846229
0.735348
-0.500653
-0.398769
-0.204266
0.459205
-0.046283
-1.40697
-1.74223
-1.67082
-0.917191
-0.799013
-1.10035
-1.34575
-1.18578
-0.409139
-0.749047
0.648114
0.29459
0.456854
0.614483
0.995207
0.197802
0.984768
0.267032
0.325868
0.497373
0.00614985
-0.14714
-0.0577975
-0.859346
-0.512091
-1.03756
-0.617589
-0.0276678
-0.685615
-0.0850118
-0.177143
-0.588416
-0.47538
-0.1551
0.00952001
-0.424339
0.125652
-0.258223
-0.401333
-0.245593
