-0.416784
0.122302
-1.20717
-0.704555
-0.89218
-0.295303
-0.62336
-1.27716
-0.470726
-0.544606
0.0864684
0.6505
-0.206458
-0.328242
0.127419
-0.0597833
0.731997
0.543397
0.450559
-0.444912
-0.240696
-0.0545663
-0.755938
-0.229063
-0.537138
-1.51042
0.200935
-0.786918
1.08352
0.296095
-0.0908143
-0.513789
-0.349057
-0.294015
0.341521
0.0600638
-0.139171
0.214046
0.0405371
0.289921
0.360771
-0.568357
-1.00115
-0.1593
0.340888
-0.534425
-0.0678004
0.699208
-0.126942
-0.435
0.178583
-0.620913
-1.62786
-2.06115
-1.42188
-1.07693
-0.153902
0.178253
-0.284929
-0.0110445
0.00337567
0.195028
0.740238
2.05135
0.54103
-1.61172
-1.49654
-0.454141
0.525788
0.33259
0.0427385
-0.664122
-1.08176
-0.0833129
-0.543676
0.15132
0.500309
0.552496
-0.176429
0.680776
0.475915
0.392864
-0.0342712
0.264238
1.16379
1.22785
0.300777
0.268939
1.01697
0.0550876
1.30056
0.364645
-0.255094
-0.634516
1.37145
0.708948
1.19966
1.21368
1.3285
-0.0243981
0.281412
1.15328
0.118377
0.0517304
-0.761421
-0.523866
-2.06701
-0.61232
-0.416602
0.418574
-0.1512
-0.0126617
-0.555521
-0.679471
-0.82255
-1.03954
-0.283924
-0.00931235
1.015
0.326343
0.63416
0.00324871
0.154173
-0.659412
0.378719
0.353723
0.404073
0.74238
0.206317
0.734888
-0.709213
0.591341
0.35642
0.302538
0.302828
-0.639712
0.307952
0.153729
0.283069
-0.185661
-0.171697
-1.04564
-0.0288065
0.783827
0.624542
-0.519276
-1.19094
-0.0374161
-0.565577
0.319925
0.21476
-0.530601
-0.891762
-0.594157
0.0374752
-0.650733
-0.481351
-0.274929
0.782638
-0.26348
-0.0410418
0.32363
-0.602981
0.503602
-0.75057
-0.620984
1.11312
0.968163
0.71864
0.404605
1.02052
-0.265147
0.477089
-0.0362574
0.988135
0.185415
0.497974
-0.181868
1.3348
1.74538
0.452216
-0.35697
-0.369912
-0.494088
-0.691798
-1.01505
0.334239
-0.855847
-1.63829
-0.0478475
-0.332044
-0.0473416
-0.202908
0.417453
0.146841
-0.463813
0.073918
-0.0667614
-0.107768
0.20299
-0.436939
0.87978
0.889827
-0.514637
-1.36476
-0.276616
-1.44878
-0.706901
-0.501556
-0.758949
0.574237
1.03615
0.684579
1.21249
0.474941
0.236862
-0.318045
-0.258369
-0.0495705
0.0170231
-0.665912
-0.799837
-0.213611
-0.151482
0.0861265
0.545627
-0.177232
-1.35407
-0.727357
-0.790009
0.189491
-0.277943
0.49669
0.478516
0.65809
0.114879
0.791214
0.224954
0.340701
0.550591
-0.464049
0.958266
-0.647598
0.186041
0.755523
0.412522
0.388554
0.0211533
0.236078
0.0222039
0.402323
-0.433713
-1.00778
-0.558457
-0.571483
-0.955232
-0.000211754
0.902627
-0.00934155
0.733787
0.568218
-0.319525
-0.832203
-0.931826
-0.634984
-0.470792
0.122398
0.259859
0.301099
-0.454619
-0.450534
-0.792214
-0.0227152
0.0746383
0.264328
-0.00386866
-1.08121
-0.573775
-0.240761
-0.168593
-0.671189
-0.752098
-0.0543698
0.388959
-0.00903446
-0.523119
0.878805
1.17445
2.14395
0.371135
1.04732
0.522722
0.664482
0.0406753
0.596365
0.625342
0.0904648
-0.571001
-0.142072
-0.0992394
-0.413612
0.127063
0.45254
0.300083
-0.322369
-0.506713
-0.858262
-0.0260859
-1.06617
0.0135681
0.411981
-0.356593
-0.304784
0.487152
0.0969709
0.213801
0.526768
0.386241
-0.313086
0.411696
-0.00229701
-0.462841
0.318725
-0.229202
0.640089
-0.178271
-0.150188
0.600999
0.749403
0.505833
0.265758
0.817448
-0.754738
-1.46438
-0.0609921
0.756813
-0.51593
-1.32709
-0.10768
-0.155275
0.046912
0.625824
0.583749
0.665508
-0.0450358
-1.33296
-0.763151
-0.587222
0.550842
0.0728456
-0.14547
-0.700462
-0.0868312
0.370654
0.218966
0.35071
0.944647
0.407187
0.684976
-0.116399
0.430296
-0.755752
-0.656956
-1.36379
-0.736719
-0.955773
-1.1417
0.226549
0.544056
0.582711
0.128862
-0.597042
-0.352802
-0.29641
-0.465299
0.0488262
1.31291
0.0589901
1.00109
0.300083
0.928626
0.794909
-0.0453679
-0.0886794
0.0718409
-0.0892975
-0.552699
-0.371019
-0.0960905
1.30661
0.355142
0.224872
0.0631383
0.531795
-0.103231
0.12072
-0.413989
-0.829873
0.263427
-0.249549
0.396951
0.185807
-1.29849
-1.7088
-0.333814
0.525457
-0.0220946
0.122364
0.84701
0.131822
-0.0850591
1.57352
1.05218
-0.340841
0.345176
0.516602
0.295508
0.673277
1.12305
0.744174
-0.347839
0.0607654
-0.729345
-0.534142
-0.159975
-0.909947
-0.685943
-0.617733
-0.166449
-0.265865
0.838962
-0.453112
-0.199613
0.281376
-1.00747
-0.329473
-0.178221
-0.421703
-1.15805
0.445707
0.664661
-0.421514
-0.828004
0.622733
-0.464072
-1.39608
-0.454814
0.37892
1.5207
2.2515
0.69799
-0.046475
-0.142281
-0.364595
0.210086
0.343199
0.212135
0.128229
-0.361698
0.38496
0.5993
0.481625
-0.167806
0.0838227
0.532187
0.07295
-0.230986
0.108718
0.00403363
-0.380673
0.0989231
0.390775
-0.208673
-0.497173
-0.064997
0.623288
-0.337757
-0.464595
0.229686
0.648057
0.13633
-0.102816
-0.832215
0.548909
0.803278
1.10535
0.887436
0.130939
0.0489389
-0.123013
0.804468
1.29553
-0.384227
-1.21386
-1.5653
0.35267
0.252008
-0.629115
0.842468
0.642569
-0.620422
-1.68725
-1.17439
-1.33541
-0.783415
-0.10279
-0.462716
-1.09353
-0.993524
-1.47787
-0.476775
-1.13451
-0.159027
0.194414
0.435877
0.415044
-0.118508
1.02122
-0.445048
0.0704548
0.00152486
0.15593
-1.20534
-0.340702
0.0656401
-0.146648
0.620752
0.644665
1.28519
0.15743
1.33832
0.399072
0.766923
0.879514
-0.475055
-0.77576
0.734028
0.382767
0.350483
1.54264
0.26444
0.381477
0.195226
0.130999
-0.79694
-0.0716406
0.604581
1.21943
0.727976
1.23852
-0.838452
-0.215666
0.757731
-0.00521562
0.261348
-0.131383
0.0280787
0.535929
0.679583
-0.27092
-0.594759
0.155485
0.20614
0.191696
-0.738098
-0.138834
0.908138
0.0330156
-0.30812
-0.822704
0.00064739
-1.6688
-0.866298
-0.534261
-0.0537211
0.303605
-0.732295
-0.190561
0.017146
0.611713
-0.376862
-0.148349
-0.198663
-0.699853
-0.861856
0.137508
-0.508873
-1.65479
-0.33212
0.590437
-1.18722
-1.60979
-0.786872
-0.535489
-0.796522
-0.830956
0.128414
-0.495389
-0.14911
-1.63846
-1.81512
-1.07607
-1.31896
0.498379
1.62261
1.7198
1.28071
0.896718
0.885948
-0.621002
-1.05189
-0.921876
-0.549345
-2.34705
-1.23692
-0.383318
-0.498593
-0.632804
-0.937369
0.418146
0.987995
0.116029
-0.514907
-0.0170289
0.739585
-0.255853
0.0691805
0.915429
0.852755
0.936719
-1.26519
-0.75783
-0.736335
-0.0660641
0.387317
0.7363
-0.758684
-0.165763
-0.678503
-1.28706
0.154655
0.799257
-0.558181
-0.647881
-0.429923
0.274822
0.614759
0.640255
0.711771
1.1875
-0.227012
-0.144025
-0.185769
0.589802
1.25805
-0.116987
-0.514681
-0.044504
-0.868255
-0.446788
0.0551525
0.131494
0.870497
-0.0090751
1.54404
1.53988
0.859546
0.885986
0.424734
-0.338883
1.01877
0.533365
-0.386551
1.00521
1.06253
0.979685
0.591737
0.857211
0.942962
-0.559082
0.29709
0.570187
0.3369
0.477048
0.607508
-0.484803
0.708828
0.614581
1.10292
-0.154001
-0.327765
-0.072431
0.0355422
-0.0600521
-1.29825
-0.733265
-1.68069
-0.0310398
-0.364828
-1.38497
-1.00172
-2.23862
-2.20513
-0.128731
-0.193582
0.183809
1.18011
0.47914
0.28179
0.343709
0.517736
-0.898003
-0.548826
-0.484619
-0.746479
-0.379486
-0.0954994
-0.198715
-0.266804
0.735183
-0.448755
-0.019513
0.119678
-0.56792
0.59734
-0.390845
-1.33223
-1.26778
-0.516588
-0.582779
-0.395374
-0.10091
-0.694418
-0.991704
-0.330182
-1.05667
-1.04345
-0.0729461
-0.196763
-0.581724
-0.818812
-0.46673
-0.480358
0.0655771
0.0722059
-0.866265
-0.472302
0.180074
0.151299
-0.575615
1.15362
0.652041
-0.852197
-0.606532
-0.256858
-1.26451
-1.47657
-0.185757
-0.224649
0.989482
-0.143299
-0.13938
-0.765927
-1.8607
-0.694742
-0.113898
-0.5264
0.136696
0.495987
0.122664
0.321761
0.636358
0.700843
1.29043
1.17484
0.643113
0.139001
1.44888
0.353936
-0.522605
0.312049
0.200866
-1.13271
-0.0291199
-0.803029
-0.122069
-0.00708319
1.11944
1.64675
1.22239
-0.0750275
-0.78964
0.397776
-0.0348314
0.588523
-0.0236028
0.529168
-0.180428
0.00930754
0.121075
0.745757
0.340139
1.26709
0.451636
0.971513
0.455328
-0.598374
-0.328741
-0.0686102
-0.0366554
0.155965
0.339129
-0.642077
0.246376
-0.198559
-1.12112
-0.251506
-0.880425
-0.535002
0.038862
-1.83935
-1.38518
-2.06778
-0.118364
-0.115004
-0.886777
-1.06065
-0.278629
-0.625522
-1.29264
1.2831
0.810362
1.2241
0.670824
0.163385
-0.823664
-0.608837
-0.426007
0.860739
1.12353
-0.021844
-1.36546
-0.524786
-0.106517
0.132139
0.454256
0.348125
1.65645
-0.250219
-0.811227
0.57313
-0.795486
0.521717
0.607056
-0.253807
-0.884319
-0.369834
0.844401
0.2819
0.802559
0.48434
0.418295
0.796001
-0.788131
-0.192352
0.645409
0.985202
0.6888
1.80525
0.104139
0.534666
1.04052
1.56535
0.870619
-0.498879
-1.07457
-0.513098
0.471172
0.310386
0.489771
0.470515
0.392935
0.350598
-0.0280278
0.871357
0.0268424
-0.0217667
-0.108393
0.913821
1.28759
-1.27377
-0.248443
0.652084
-0.237
0.162024
-0.444768
-0.471743
-0.970385
-1.02747
-2.26933
0.708765
-0.95663
-0.842938
-1.56654
0.118081
0.712008
-0.320093
-0.509
-0.496727
0.840139
-1.24254
-0.570436
-0.290262
-0.379703
0.579941
0.937822
1.11604
-0.412359
-0.73952
-0.927062
-0.0265144
0.0744251
-0.743674
-1.18286
-0.976938
-0.847494
-0.437255
-0.454982
0.516102
-0.474649
0.232284
0.826428
-0.119169
-0.29465
-0.2642
0.218269
-0.279012
-0.919871
-0.242504
0.305835
-0.548749
-0.987823
0.117008
0.232746
1.16181
-0.294199
-0.105379
0.195594
-0.723726
-0.572035
0.688266
1.02549
0.245054
-0.435608
0.303514
0.562084
-0.410615
0.797514
0.826867
-0.489061
-0.466756
-1.15925
0.340643
0.696008
0.117663
0.457017
-0.27003
-0.702368
-0.674877
-0.187768
-0.183559
0.786809
-0.120944
0.397938
-1.10171
0.146646
0.6175
-0.209207
0.845601
0.726915
-0.0656163
-0.362989
1.11457
1.52147
-0.0989071
1.02892
1.01356
1.52547
-0.209362
0.167102
0.349578
-0.0691714
-0.554584
0.0373546
-0.491371
0.296314
0.506909
0.349256
1.27449
0.765415
