0.323347
1.06984
0.808863
0.802799
0.561465
0.968868
0.588668
1.19607
1.16657
0.710658
-0.941871
-0.547008
-1.09093
-1.11415
-0.887215
-0.834994
-1.02296
-0.39921
-0.361599
-0.688624
-0.507784
-0.354633
-0.692421
-0.912303
-1.08228
-1.34034
-0.246745
0.0830363
0.0448024
-0.214352
0.13598
-0.192748
-0.1541
0.00125823
-0.783197
0.46937
0.301913
1.64395
0.90287
0.687112
0.231544
-0.325982
-0.102353
0.0364044
0.412868
0.529137
0.847096
0.342082
0.618306
0.227985
-1.1749
-0.586765
-0.408765
-0.724316
-0.392255
-0.701067
-1.20824
-0.866771
-0.633684
-1.27204
0.30098
-0.10215
-0.372901
0.0883794
-0.118559
0.232355
0.84187
1.2562
0.968462
0.824863
-1.89163
-1.68996
-1.32437
-1.47933
-0.305715
-0.3993
-1.76889
-1.58805
-1.18171
-1.57426
0.0276131
-0.103574
0.399202
0.504181
0.287109
-0.151899
-0.190289
-0.362632
-0.209595
0.122034
1.02905
0.565823
-0.14411
0.483729
-0.108395
0.176145
0.562876
0.714879
0.632142
1.23673
0.320712
0.536605
0.499274
-0.297145
-0.815242
-0.157429
0.427457
0.99524
0.322579
-0.232139
0.617428
-0.0228716
0.397118
0.143946
-0.0859896
-0.38966
-0.0898842
-0.333189
-0.510807
0.354916
0.51215
0.251416
0.432272
0.869555
0.73369
0.82328
0.89299
0.327754
0.376686
0.71709
0.266171
-0.462432
-0.848885
-0.723493
-0.541024
-0.208368
-0.546874
-0.586984
0.124352
0.0254518
0.269747
0.177258
-0.607917
0.554588
0.606359
0.651357
-0.304087
0.0930845
-0.318631
0.12015
0.000491009
0.686913
0.0827495
0.913347
0.402042
0.285435
0.697219
0.548209
0.504721
0.746975
0.0993751
0.440681
0.54805
0.845753
0.865151
0.86152
1.18979
0.966404
1.52308
0.909748
-0.692866
0.0179205
-0.470673
0.0656673
0.377671
0.418047
0.00820898
-0.524258
-0.749012
-0.663851
-0.307536
0.229862
-0.110575
0.0915314
-0.0213559
0.580431
0.52471
-0.197589
0.450633
0.186622
-0.571721
-0.603409
-0.24664
0.186956
-0.301659
-0.549268
-1.68056
-1.77361
-1.78393
-1.26848
0.405292
-0.0393479
0.126036
-0.294504
0.458981
0.169699
0.428481
-0.258388
0.0209717
-0.146846
-0.343672
0.370099
0.564706
0.53371
1.23484
0.683611
0.711079
0.62452
0.73534
-0.186572
-2.46792
-2.43207
-1.82085
-1.06148
-1.21501
-1.11683
-1.5144
-1.96235
-2.26424
-1.87058
-1.17058
-0.732568
-0.821577
-0.547716
-0.563699
-0.976586
-0.81048
-0.428355
-1.01892
-1.1378
-0.304112
-0.0232998
0.694868
0.484742
0.51166
0.248872
0.142137
-0.00466265
0.434059
-0.536072
-1.27359
-1.15008
-0.991268
-1.19742
-1.13061
-1.31709
-1.77811
-1.73713
-2.03299
-1.14396
0.370483
0.278729
1.0505
0.758702
0.897535
1.07897
0.706281
0.80071
1.26715
1.4358
0.0521406
-0.272471
-0.175323
-0.357545
-0.531486
-0.43104
-0.174207
0.143005
-0.56058
-0.901523
0.953267
0.390032
0.752036
0.47746
-0.0635687
-0.215971
0.535414
0.525299
0.200837
0.611254
1.49306
1.1229
0.254255
0.153602
0.450413
0.947675
1.02331
1.09513
0.676337
0.72994
0.97748
0.649217
0.188463
0.54139
0.886217
0.49598
0.338837
0.726844
1.62601
1.50034
0.823308
0.912984
0.710601
1.30254
1.2213
1.01569
0.49089
0.839762
0.409474
0.448347
-0.334526
0.254843
0.0862333
-0.497171
-0.622969
-0.375011
0.267091
-0.597397
-0.571774
-0.298038
1.55482
0.865177
0.816457
0.591004
0.126745
-0.00582788
0.0686687
0.0626925
1.04105
0.986364
1.34759
1.5398
0.860283
0.614505
0.985341
0.417196
1.17553
0.633764
1.60474
1.63487
-1.3091
-0.682915
-0.782952
-0.362516
-0.088638
0.294505
0.218685
0.620443
-0.347637
-0.392451
0.288464
0.313113
0.24719
-0.275119
0.0206861
-0.408909
-0.399263
-0.609673
-0.474779
-0.5508
-1.05179
-0.667279
-0.394906
-0.559224
0.121948
-0.535357
-0.583186
-0.631176
-1.10589
-0.250638
-0.598909
-0.107003
-0.0208406
-0.659301
-0.272681
-0.465633
0.400695
-0.186001
-0.297085
-0.716644
0.143388
0.572759
0.23464
0.128459
-0.460873
-0.466123
-1.28616
-0.927218
-0.630502
-0.427981
0.641991
0.572504
0.0468696
-0.483964
-0.0929743
-0.0972457
-0.660711
-0.464035
-0.811288
0.0883093
0.17488
0.298936
0.804461
1.00594
0.0311277
-0.324951
0.126284
0.436951
0.870603
0.171387
-0.755485
-1.95821
-1.62272
-1.28387
-0.521091
-0.44674
-0.662906
-1.1578
-0.851828
-1.05115
0.255397
-0.263458
0.0488118
-0.750604
-0.426645
-0.512036
-0.521346
-0.967083
-0.961406
-0.405963
1.97121
1.5472
1.53835
2.00526
1.49067
1.82759
1.96357
1.63467
1.69201
2.36231
-0.123375
-0.548156
-0.174017
0.427826
0.298093
-0.180824
0.222425
0.309736
0.266252
-0.316593
1.1681
0.375524
-0.329171
-0.298774
0.88806
0.939156
0.11797
0.114956
-0.175602
1.03165
-0.493735
-0.411652
-0.474956
-0.318265
0.40776
0.744204
-0.47824
0.170077
-0.691789
-0.493955
-0.371811
-0.259787
0.0121499
0.439982
-0.0312196
0.216573
0.0221791
0.202084
-0.202602
-0.932314
1.44597
1.05881
0.875841
1.11374
0.887277
0.755017
0.580247
0.659822
0.329418
0.902418
0.304776
-0.0629696
-0.45533
-0.227141
0.405079
-0.221333
-0.18504
0.0922031
-0.481317
-0.431277
-0.898296
-0.669677
-0.286987
-0.0542575
0.268567
0.498921
0.13812
-0.437027
-0.588987
-1.06695
-0.578428
-0.504493
-0.358929
-0.58927
-0.255583
-0.284365
-0.764321
-1.11044
-0.763463
-1.27933
0.620706
0.515244
0.870342
1.99545
1.20693
1.14933
0.808823
0.382081
0.81001
1.04956
0.243292
0.223008
0.400855
0.671914
0.985387
0.453295
-0.0824209
0.213967
0.111776
0.121111
0.630021
-0.0238573
0.747457
0.727573
1.33328
1.07592
-0.0275741
-0.467907
-0.095297
0.345734
0.336021
0.332475
0.802142
0.634068
0.598242
0.0714007
0.0148684
0.26041
0.359104
0.726031
-0.278603
0.249806
-0.0435336
0.980319
0.548101
1.2601
1.27268
-0.696918
-0.623838
-0.503444
-0.793748
-0.791496
0.169872
-0.294279
0.212465
-0.682487
-0.0493543
-0.0327386
0.0433152
-0.453273
-0.750136
-1.08811
-0.958333
-1.10651
-0.116692
0.209888
-0.684844
-0.980132
-0.538872
-0.277059
-0.235231
-0.615336
-0.853455
-0.667643
-0.639587
-0.330709
-0.360095
-0.995181
-1.16532
-0.533883
-0.891073
-0.450487
0.0633037
-0.459043
0.085049
-0.173119
-0.356339
-0.938206
-0.773346
-1.36051
-1.16394
-0.783261
-0.0414728
0.696827
-0.0506317
-0.261671
-1.05675
-0.645805
-1.61934
-1.33533
2.0658
1.33997
1.63121
1.11529
0.239635
0.847999
0.0331104
0.570342
0.622913
0.575372
-0.623625
-0.667516
-0.890623
-0.444324
-0.638341
-0.819417
-0.725899
-0.948798
-1.03228
-0.854004
-0.317285
-0.445232
-0.610908
-1.27879
-1.05094
-0.607162
0.193469
-0.425959
-0.466543
-0.204041
0.18486
-0.0208861
0.308588
1.20358
0.767678
1.11665
0.743911
0.930661
0.0694814
-0.223664
-1.83143
-1.44685
-1.5622
-1.45521
-1.34971
-1.06139
-1.09235
-0.832711
-1.12771
-0.912641
0.430127
1.14948
0.869824
0.368984
0.869544
1.44977
0.839043
0.58946
0.266978
-0.40969
-0.449586
-0.446023
-0.0677827
-0.240911
-0.570877
-0.11221
-0.724018
-0.656091
-1.00014
-1.66411
0.72178
1.03539
1.0728
0.226261
0.796585
0.432269
0.846744
0.318666
0.0162057
0.320998
-1.40063
-1.47367
-1.23094
-1.61617
-1.59808
-1.43307
-1.14935
-1.35898
-1.03734
-1.48207
-0.946853
-1.33033
-1.35953
-0.792251
-0.579401
-0.276144
0.326182
0.588922
0.0236827
0.0711437
-0.397477
-0.134479
-0.305705
-0.431004
-0.705292
-0.162512
-0.244517
-0.834421
-1.06139
-0.701343
-1.53369
-1.62904
-1.11328
-1.68792
-0.93561
-1.38387
-0.875574
-0.622014
-1.16792
-1.12472
-0.527592
-0.64497
-0.777415
-0.42794
-0.699291
-0.360365
0.00989234
0.0177933
-0.141327
-0.375305
0.0276364
-0.0381184
0.280293
1.34601
1.1965
0.625612
0.315385
-0.192951
-0.966432
0.0319333
-0.204378
-0.798943
-0.532122
-1.01541
-0.629743
-0.111716
-0.762531
-0.966673
-0.53617
-0.248303
-1.17746
-0.89063
-1.67181
-1.05659
-1.43066
-1.03985
-0.876568
-1.16405
-0.692415
-1.62764
1.05506
0.429178
0.894198
1.65341
1.2005
1.47645
1.72561
0.895398
1.21606
1.17054
-1.82226
-1.62968
-1.85099
-1.50183
-0.971581
-0.740261
-0.879814
-0.411853
-1.34297
-1.13547
-0.137306
-0.0395417
0.338752
0.0630215
0.15597
0.234179
0.28868
0.0302903
-0.436535
-0.420671
1.10119
1.37668
1.05765
0.220957
0.174595
-0.308914
0.0610986
-0.0495986
0.185502
0.789098
0.357303
0.809797
0.126524
1.11791
1.03
0.649057
-0.165453
0.402487
0.320008
0.378193
-0.27692
0.598634
0.159426
0.761442
0.880042
0.809181
0.0751658
-0.0163716
0.174334
-0.0900245
-0.428459
0.277458
-0.0891774
0.225343
-0.120683
0.244476
0.342704
-0.368092
-0.637847
-0.525952
-1.05808
-0.311401
-0.280018
-0.39144
-0.397994
-0.752728
-0.560952
-1.18353
-0.515924
-0.407117
-0.828669
-1.62257
-0.856386
-0.590905
-1.38899
-0.971164
-0.346777
-0.208191
-0.11964
-0.155016
-0.0800028
-0.392441
-0.971347
-0.595826
-0.493594
-0.642601
-1.12295
-1.39236
-0.608875
-0.415024
0.449062
0.639398
0.223645
0.418951
0.97734
0.50793
0.816646
-0.348758
0.446291
0.011518
-0.748371
-0.715875
-0.62607
-0.176332
0.352721
0.660212
-0.0217141
0.0455254
0.219521
-0.762859
-0.0554048
0.539577
1.05482
0.663229
0.645247
-0.0242488
0.33316
1.16183
0.712783
0.589989
-0.303225
-0.368928
0.68408
0.568428
0.215017
0.50074
0.0905238
-0.133102
-0.266183
0.00804609
0.349691
0.258914
0.594737
0.148398
-0.615602
-0.689529
-0.115368
-0.0259477
0.779419
0.397117
0.016417
0.611503
0.523077
0.733508
-0.302963
-0.132914
0.187391
-0.279901
0.0957626
0.028959
-0.0708189
-0.177622
0.118532
0.577987
0.482095
0.726519
0.336234
0.573994
0.808171
1.07167
-0.670976
-0.709191
-0.605109
-0.77768
-0.204526
-0.176135
-0.387197
-0.729379
-0.967223
-1.13351
-0.37906
-1.28797
-2.02381
-1.60864
-0.738842
-1.23645
-1.03787
-0.544154
-0.593258
-0.838601
-0.0575933
-0.0626388
0.0507747
0.572193
0.0662936
-0.489997
0.500989
0.689021
0.954629
0.510401
-0.466464
0.276824
0.484699
0.269194
0.201746
0.397045
0.470178
0.716966
0.647946
0.243746
