-0.0356862
-0.144293
0.0193194
0.231394
0.0589711
-0.135583
-0.10127
0.0314833
0.802676
0.729465
-0.923162
0.000984277
0.243237
0.418586
-0.358883
0.668185
0.438744
-0.672203
-0.487416
-0.989209
-0.804759
-0.170031
-0.741821
-0.884251
-1.42042
-0.737383
-0.57791
0.0214648
0.729496
0.503133
0.426399
-0.420857
-0.388137
0.259966
0.125672
-0.0909066
-0.665802
-0.810052
-0.945487
-0.855769
-0.313079
0.20729
0.194643
0.0487425
-0.171096
0.020755
-0.108853
-0.32926
-0.121304
0.0138741
-1.6563
-2.01942
-0.72113
0.264431
-0.148169
0.606662
-0.647988
-0.622264
-0.96577
-1.30424
0.118034
0.591335
0.327494
0.312684
0.799046
0.471399
0.111577
0.0589754
0.0687839
-0.0842578
0.729844
1.10106
0.7939
1.05198
0.194756
0.0888871
-0.0760908
0.625312
1.14473
0.231986
1.21766
0.892104
0.382142
-0.236289
0.798743
0.169467
1.06603
1.47183
1.47398
0.994306
1.01332
0.7936
0.847807
1.64487
1.34772
0.743221
-0.536773
-0.220433
0.438985
0.669873
-0.700224
-0.937335
-0.12416
-0.797637
0.783466
-0.158438
-0.841749
-1.07959
-0.151937
-0.95623
-0.0984545
-0.888199
-1.44214
-0.965882
0.571409
0.492485
0.750145
0.584555
-0.0558338
0.742679
0.303639
0.411597
-1.18325
-1.36454
0.238503
0.841863
-0.594302
-0.852718
0.716301
1.22653
0.297548
-0.67495
0.573097
1.70869
1.72425
1.12967
1.83322
0.729362
-0.39841
-0.164063
0.146737
-0.363509
-0.765834
-0.494879
0.488573
1.27676
0.157786
0.030984
-0.0407389
-0.17631
1.21168
0.65646
0.715103
1.14395
1.26931
0.482412
1.22856
0.729326
0.990969
1.41991
-0.169542
0.341428
-0.0397297
-0.380137
-0.653515
-1.3673
-0.960024
-0.925468
-0.292854
0.129437
0.175221
-1.00873
-1.63015
-1.03165
-0.745997
-0.243786
-0.11433
-0.0251354
0.19879
-0.00664989
-0.0623128
0.284045
0.422385
-0.440028
-0.105074
-0.18328
0.407029
0.210711
-0.0209963
-0.64148
-1.45934
-0.67356
-0.311201
0.800393
-0.291177
0.436302
0.075163
0.145069
0.266948
-0.310655
-1.09548
-0.319496
-0.734013
0.0338932
0.579985
-0.0925995
0.660004
1.1102
0.128988
-1.0716
0.0627547
0.0422311
-0.555381
-0.181618
0.513886
-0.533918
0.202659
-0.461022
-0.318116
0.143056
0.965277
0.385801
1.52722
0.330614
0.804933
0.501691
-0.776756
0.320702
0.225381
1.56994
-0.513334
-0.348168
-0.764437
-0.0666249
-0.643252
-0.130025
-0.0201441
0.233086
0.559638
0.108898
-0.363322
-0.559115
-0.0970315
-1.10474
-0.575754
-0.6995
0.252835
0.112226
0.277773
-0.0502049
0.389719
0.854854
1.42861
0.958321
0.536124
0.561618
0.970107
0.597398
0.123549
-0.391557
-0.514823
-0.191806
-0.559864
-0.654905
-0.128148
0.106451
1.06492
0.91864
-0.0239563
-0.147301
-0.40984
-0.397137
0.699714
-0.104339
-0.711382
-0.45311
0.407393
1.17559
0.0758113
-0.0157843
0.0797899
0.0460617
0.753926
0.453697
0.311611
0.414137
-0.344687
0.192852
0.122071
-0.501002
-0.280099
-0.670583
-0.0507837
-0.243118
0.0220665
0.0207072
0.774593
0.513807
1.5673
0.0807038
0.658445
0.34001
0.408041
1.10793
0.710588
0.105937
0.337928
0.98119
1.11193
-0.214266
-0.255087
-0.258018
0.810969
0.599661
-0.697568
-0.757768
-0.312372
0.482703
-0.0181392
0.118114
-0.188259
1.0385
0.249679
-0.199335
-0.480817
-0.537903
-0.285929
-0.58787
-0.774255
0.406397
-0.884217
0.0415982
-0.241369
-0.0679197
-1.14978
0.0207419
0.221423
-0.850231
-0.534194
0.226544
-0.371303
0.39179
0.026641
-0.872277
-0.835758
-0.981208
-1.33701
-1.9811
-1.7952
-1.23972
-0.167464
0.417412
0.762523
2.22037
1.04203
-0.281868
-0.191133
-0.51292
0.306065
-0.00221659
0.992481
0.0406919
0.380631
0.390616
0.275769
-0.877333
-0.8613
-1.49962
-1.00494
0.401287
-0.0238957
1.0876
0.0765168
0.871472
-0.104372
-0.905656
0.0617731
-0.0590185
0.0733009
-0.288438
-0.295973
0.359359
-0.381869
-0.0109126
-0.419333
-0.307108
-0.266627
0.696195
1.21681
0.961332
-1.32972
-1.23107
-0.886674
-1.00883
-1.05807
-1.0173
-1.3629
-0.205116
-0.593703
-1.35449
0.829145
0.615706
-0.55384
-0.354115
-0.361481
-0.308195
-0.641992
0.494225
1.21282
0.839535
0.0595416
-0.57316
-0.477037
-0.505379
-0.169816
-0.83476
-0.857567
0.392504
-0.257472
-0.418983
-0.307981
-0.294625
-0.221287
-0.193231
0.149939
0.430869
0.393852
0.115036
0.170543
0.552161
1.02627
1.05707
0.190667
0.625892
0.904403
-0.144473
0.708484
1.25011
1.15662
1.09585
-0.360391
-0.319421
-0.431974
-0.903576
-0.89674
-1.18006
-1.13458
-0.105879
0.131299
-1.06031
0.085594
-0.245824
0.134509
0.00201678
-0.0223468
-0.578671
0.368084
1.22436
0.904412
0.516423
-0.515644
-0.84713
-0.781123
-0.481605
-0.137778
0.16365
-0.959953
0.104602
-0.633174
-0.891675
0.736693
1.18898
0.840705
0.383632
0.756345
0.0690956
-0.134685
-0.34377
-0.125262
0.527489
-0.626249
0.135268
-0.359383
0.0315649
0.292913
-0.0443968
-0.565216
0.34274
-0.203609
-0.87099
-0.144312
0.0794799
1.46271
-0.0742776
-0.678607
0.298423
-0.162366
-1.07614
-1.05087
-0.180234
0.0238453
-0.0740032
0.12413
-1.02002
-0.351877
-0.35265
-0.135887
0.665688
0.288054
0.39316
0.0435
0.253104
0.102677
1.12667
0.513103
0.309645
0.137226
0.872159
0.673435
0.349297
0.362076
0.517151
-0.105065
-0.169772
-0.860098
-0.134785
0.179079
-0.130748
-0.528551
-0.314029
0.281778
-0.806042
0.534249
0.906953
1.01383
0.614806
0.0696677
-0.22409
-0.42468
-0.594651
-0.199977
-0.79951
-0.965139
-1.35991
-1.46877
-1.76987
-0.790324
0.0103878
0.211691
0.00373433
-0.942084
-1.03624
-1.14372
0.644795
1.23799
0.455589
0.369481
-0.179776
-0.234042
-0.758251
0.194167
1.15204
0.834923
-0.251692
-0.443929
0.564373
0.442715
0.172585
0.0434437
-0.512778
0.0811853
-0.942745
-0.343511
-0.735095
-1.01544
-1.65355
-0.900296
-0.987181
-0.997413
-0.781061
-2.21704
-1.53566
-2.04371
-0.696034
-1.23462
-0.636768
-0.738913
-0.206206
-0.871118
-2.83611
0.284756
-0.882705
-0.0726812
-0.433076
-0.245984
-0.427961
0.467435
1.03943
0.219711
-0.11595
2.46542
2.13444
1.70997
1.76328
1.34863
0.856526
0.642203
1.31871
1.14502
1.62056
0.160995
0.698236
0.448555
0.196334
-0.168124
1.17289
0.575124
0.231284
0.806701
0.787882
0.218168
0.000262134
0.685279
0.640277
-0.0522198
-0.152033
-0.252285
-0.100246
0.161927
0.275106
-1.85659
-2.44382
-0.0232352
-0.0251663
0.215177
0.533664
-0.576501
-1.51539
-1.71605
-1.79085
-0.667971
-0.161045
0.584019
-0.0344768
0.221167
0.221353
-0.012941
1.36331
1.18251
-0.1423
-0.832045
-0.535757
-0.959645
-0.598633
-0.957581
-0.89202
-0.884363
-0.185016
-0.127886
-0.0843862
-0.367359
-0.967786
-1.18734
-1.13172
-1.16886
-1.21786
-0.243219
-0.317164
0.372545
-0.0593868
0.333155
0.593802
0.133126
0.127208
-0.527279
-0.297413
-0.702838
-0.728507
-0.257088
-0.491061
0.768576
0.700879
0.0111341
0.371746
1.36344
0.544925
-0.295411
0.612964
0.324426
1.16903
-0.465438
-0.968886
-1.19979
0.0854826
0.613843
1.04194
0.547024
0.483798
0.0441777
0.35422
-0.563476
0.541397
0.571398
0.347951
-0.72956
-0.361753
-0.553332
-0.150578
-0.32712
-0.524148
0.710117
0.293135
0.926547
1.51564
0.707389
0.7754
0.256595
1.00905
0.729259
0.486645
0.42799
0.166331
-0.691647
-0.927919
-0.185456
-0.796738
-0.674247
-0.505558
-0.347356
0.0243067
-0.126938
-0.443858
0.264131
0.344998
0.0954745
-0.0447398
0.186836
-0.650398
0.139142
-0.0997918
-1.29023
-0.820161
-1.13157
-1.64115
-0.633337
-1.6695
-0.157216
-0.838847
-0.7147
-0.795618
1.06645
0.50172
1.00695
-0.386287
-0.13676
0.0642303
0.478474
0.475211
0.799041
1.08707
0.767783
0.534907
-0.230654
-0.729761
-0.452764
-0.372006
-0.15214
-0.326314
0.488248
0.878125
-2.8046
-2.43125
-1.84488
-1.08427
-1.25226
-1.05374
-1.85336
-1.33246
-1.1697
-1.48601
0.376537
0.197286
0.0176947
-0.825297
-0.684498
-0.691663
-0.315188
-1.33798
-1.70484
-1.17105
0.0289079
0.803745
-0.146882
-0.585332
-0.0444616
-1.24885
0.129112
0.366924
-0.599117
-0.153739
-0.692733
-0.444772
0.369582
-0.109529
0.190284
0.174084
-0.335626
-0.879351
-1.46565
-1.61738
0.00345727
0.170501
-0.408116
-0.818308
0.413531
0.720737
-0.400948
-0.370747
0.355047
0.287458
-0.680536
-1.31103
-1.79492
-0.704552
-0.158733
0.506214
0.868609
0.569925
-0.326814
0.164368
-1.17299
-1.35681
-1.67399
-1.09133
-0.50301
-0.596002
-0.457015
-0.737139
-0.269237
-1.32322
1.23707
0.731188
0.812333
0.873883
0.884565
0.878294
0.786139
0.608921
0.737101
1.17082
0.373756
0.276122
0.287602
0.654974
0.0444519
-0.328206
0.169547
0.226226
-0.344402
-0.063657
0.500899
-0.176575
-0.0180417
-0.293835
-1.24062
-0.847967
-0.534141
-0.566321
-0.24512
-0.0114825
0.0736746
-0.409552
0.253478
0.106933
1.39071
0.881917
0.875125
0.908436
1.07423
1.07483
-0.0319624
-0.125321
-0.556332
-0.683614
0.147634
-0.061861
0.163697
0.105025
-0.755415
-1.10914
-0.419777
-0.996221
-0.443366
-1.04021
0.16707
-0.424584
-0.128872
0.761089
0.248144
-0.603533
0.56328
0.578955
0.877244
0.154779
0.161269
0.472695
2.11244
1.64033
0.754835
0.464242
-1.14912
-0.189491
-0.534059
-0.275254
0.0584204
-0.339461
-0.578878
-1.83105
-1.08742
-0.525441
0.0289305
0.903738
1.15646
0.976608
0.242764
0.4581
-0.774774
0.525664
-0.295595
-0.842773
0.749321
0.578402
0.733872
-0.036713
-0.279059
-0.505085
-0.439879
-0.804336
-0.556257
0.165007
0.479873
-0.253459
-0.450597
-0.235065
0.913743
1.42148
1.87423
0.614926
-0.020447
0.488288
-0.422896
-1.92407
-0.713333
-1.05133
0.110933
-1.4434
-0.173856
-0.0876792
0.253521
0.163477
-0.337756
-0.296367
-0.804519
-0.595782
-0.927757
0.447368
0.661337
-0.0499986
-0.250681
0.0153091
0.252742
0.505757
0.104393
0.347782
0.767201
0.461643
0.364652
0.486383
0.451628
-0.720896
-0.261452
-0.152589
0.516054
0.103731
0.0591494
-0.457122
0.443732
0.607737
0.721482
0.0288174
-0.96233
-1.19254
-0.776383
-0.696749
-1.07274
-0.853869
-1.32056
-1.64278
-1.18237
-1.07344
