-0.00500974
0.67143
0.119446
0.163108
0.621321
0.856302
0.168943
-1.43234
-0.666961
-0.264566
-1.68364
-0.998842
-1.12019
0.533579
-0.0424048
0.0485121
-0.184029
-0.19505
-0.862928
-1.28352
-0.395767
-1.64146
-0.487004
-0.590261
-0.812958
-0.430478
-0.335899
-0.69926
-0.317494
-0.2994
-0.55923
-0.653903
0.000192163
-0.0666605
0.227887
1.15343
0.821266
-0.0507518
0.483296
0.178432
0.480317
0.345398
1.42434
1.6675
0.40324
0.946046
0.509798
0.202737
1.04532
0.946858
-0.568914
-0.27456
0.612853
0.629227
0.804959
1.4309
1.09565
0.363259
0.146702
-0.703634
0.530713
1.09377
0.84194
0.292923
0.361051
-0.637126
-0.469699
-0.116444
-0.285087
0.223603
-0.88904
0.106256
0.587074
0.787115
0.0581315
0.985922
0.110677
1.01574
0.0760405
0.534977
0.592139
0.598248
0.400318
0.509335
0.729589
1.02161
0.297767
-0.23783
0.106064
1.00483
0.295885
0.805894
-0.243015
-0.254548
-0.499592
-1.30466
-0.85049
-0.0554348
-0.545576
0.186846
-0.575034
-0.137962
0.23432
0.737299
0.209566
0.710643
0.596944
0.536563
0.68727
-0.105703
0.313447
1.62421
1.57545
0.460037
1.35327
0.46445
0.0561944
0.847211
0.85374
0.648765
0.229309
-0.14691
-0.821079
0.416531
0.552351
0.835694
0.570524
0.243226
0.181139
-0.33933
0.348724
0.0280473
0.618478
1.30769
0.705971
0.922903
0.433912
0.315868
-0.172652
0.133653
0.479054
-0.308116
0.392073
0.441973
1.61626
1.56974
0.350393
0.151294
0.716477
0.698768
-0.448837
-0.221917
0.796087
-0.493778
-0.43424
-0.592869
-0.711025
-0.345379
0.0316996
-0.561521
-0.62747
0.0178208
0.28289
-0.398625
-0.0798874
-0.046457
0.226713
0.18609
-0.779608
-1.34774
0.197886
-0.0474708
-0.374919
-1.27218
-0.657181
-1.3209
-1.36356
-0.318628
-0.213329
0.213667
-0.766407
-0.953679
0.0795372
-0.288755
-0.828026
-0.689885
-1.05268
-1.07092
-0.980685
-1.2437
0.879513
0.938176
0.79547
1.4829
0.576723
0.728698
0.248395
1.28456
0.849377
0.957902
-0.105543
-0.396261
-0.41973
-0.764753
-1.69141
0.0144325
-0.243039
0.83422
-0.394562
-0.00793454
-0.519517
0.408393
0.497674
0.566472
1.36184
0.661289
0.278624
1.04261
1.12351
-0.561917
0.0266936
-0.10957
-0.0242053
0.225143
-0.458315
0.199484
0.0678616
-0.470435
-0.485603
0.60759
-1.42545
-0.751295
-0.0532016
0.329442
0.236678
-0.33984
-0.257778
-1.09609
-0.670392
-0.875824
-0.14213
-0.196602
1.03442
0.747444
0.30618
0.443764
0.392462
0.291179
0.53741
-0.0538771
0.434764
-0.116817
0.17398
0.108076
0.351352
0.742969
1.18719
0.306954
0.507874
0.644697
0.018015
-0.53561
0.0856292
0.651649
0.759471
0.567942
0.897349
0.438902
-0.280362
-0.10425
1.07417
1.01848
1.28767
1.07614
0.71166
1.06248
0.782225
0.62622
0.664953
0.881106
1.05266
0.431929
0.420043
0.250905
0.0239411
0.208173
-0.23997
-0.11031
0.65663
0.863307
-0.312347
-0.278188
0.208489
-0.90181
-0.573716
-0.539302
-0.479915
-1.51626
-1.59263
-1.36185
0.673168
0.445703
0.626146
0.518155
0.859332
0.916383
0.353413
-0.245026
-0.383377
0.728468
0.693579
0.198828
0.298984
1.05281
0.485554
-0.100699
0.24654
-0.174031
-0.0548445
-0.0252201
0.46522
0.583226
0.59489
0.944448
0.674963
0.78388
0.465393
0.117166
0.280896
0.737453
-1.0633
-0.276546
-1.00148
-0.701708
-0.161038
-0.182118
-0.480299
-0.387215
-0.181101
-1.94181
-0.681167
-0.690566
0.136772
0.238906
1.07118
0.844428
0.91491
-0.688239
-0.827417
-0.662513
-0.249328
0.141523
0.371598
-0.0137617
0.591249
-0.211479
-0.337015
-0.76879
-0.346115
-0.132514
-1.45079
-0.635317
-0.538904
0.387203
-0.0506542
-0.0363593
-0.469798
-0.970539
-1.29285
-0.563463
-2.1153
-1.83433
-1.313
-2.17777
-1.57566
-2.08274
-1.82563
-2.08856
-1.95207
-2.02683
-0.191495
0.285543
1.23564
0.359409
0.138236
1.09481
1.44107
0.648414
-0.340883
-0.333558
-0.881508
-0.192742
-0.956588
-0.730576
-1.10855
-0.5834
-0.641972
-0.410328
-0.821444
-0.540745
-0.780844
-0.546894
-1.25378
-0.558646
-1.05662
-1.3256
-1.01824
-1.29399
-0.607463
-0.565029
-0.316083
-0.604898
0.143391
0.258379
-0.257723
-0.447026
-0.621055
-1.02906
-0.728131
-0.821819
0.691027
0.304985
0.117619
0.48739
-0.388445
0.266456
0.705593
0.892137
0.156506
0.10154
0.715839
0.446858
0.880785
1.08006
0.602106
0.561562
1.37262
0.43194
0.654345
-0.0997307
0.665041
1.03733
0.88924
0.473731
-0.212691
-0.670568
-0.109925
1.09401
1.12249
0.637127
0.197716
0.00560025
-1.00861
0.275222
0.37365
0.275139
0.0553952
0.687645
0.942565
1.25089
0.125175
0.179023
0.0922443
0.200533
0.466281
1.21555
1.11697
1.31227
1.22972
0.29889
0.947719
0.770981
0.195478
-0.913794
0.157778
0.170225
-0.224665
0.147129
-0.147329
0.200764
0.359776
-0.761483
0.677842
-0.00215874
0.173537
0.62225
0.895785
0.38866
-0.0223655
0.276211
-1.09787
-0.394295
-0.61829
-0.433144
-0.469183
-0.59244
-0.471898
0.0145426
-0.0790214
-0.371617
0.166661
1.37318
1.80889
1.4322
0.899313
1.02284
0.28191
0.164011
-0.0159723
0.363798
-0.188663
-0.868629
-0.411971
0.120432
0.387307
0.308429
0.76207
0.264435
-0.26028
0.209679
-0.21023
0.629951
0.882144
1.33625
0.569593
0.0955612
0.836421
-0.452222
-0.906756
-0.419502
-1.01323
-0.943277
-0.927923
-0.567173
-0.14666
-0.383019
-0.389338
0.391024
0.187635
-0.433908
-0.782021
-1.02128
-1.01789
-1.01667
-1.07667
-2.09166
-0.786809
-0.275035
-1.09701
-0.402605
-1.52438
-0.838536
-0.609454
-0.79291
-0.560497
-0.620647
0.0675891
0.697908
0.166251
-0.515251
1.621
0.206711
0.136826
0.0377585
0.320283
-0.235154
0.0649922
-0.957142
-0.823841
0.496223
-0.303397
0.456366
-0.34601
-1.08181
-0.496353
0.0903138
-0.754201
-1.67785
-1.13138
0.0195084
0.635163
0.307645
0.135392
-0.805693
0.897447
0.235424
0.638987
0.536708
0.34486
1.29433
0.27294
0.396056
-0.244408
-0.0836544
0.444071
-0.0469232
-0.879568
-0.440464
-0.110675
-0.32294
0.394317
0.198382
-0.497602
-0.679488
-1.29075
-0.243851
0.363384
0.173925
-0.130492
0.871314
-0.358666
-0.0573607
-0.915291
-0.531073
-0.149996
-0.412203
-1.01861
0.0229224
0.600026
0.323922
0.250651
-0.0898009
-0.0506086
-1.39512
-1.2571
-0.900632
-0.585443
-0.849712
0.0700369
0.386951
-0.81675
0.28439
-0.366692
-0.873077
-0.849958
-0.92134
-0.632615
-1.14841
0.00408239
-0.900045
-1.51698
-0.747012
-0.849899
-0.574332
-0.324808
-0.234639
-0.853515
-1.05834
-0.839813
-0.927133
-0.0784858
-0.672367
-0.188554
0.487554
-0.641069
-0.0489271
-0.198076
-0.667831
-0.716342
-0.305611
0.376325
0.598235
0.522913
-0.0738823
-0.166994
0.155274
0.426395
0.280197
0.158749
-0.425135
-0.809106
-0.226506
-0.0997057
-0.482422
-0.830056
-0.498321
-0.0311093
0.0695169
-0.136472
-1.04267
-0.408973
-0.742778
-1.17436
-1.47328
-1.51632
-0.902823
0.316995
-0.520208
0.241113
0.313803
0.349609
0.749208
0.705582
0.659007
0.136321
0.271462
0.779641
-0.427708
-0.416345
0.825063
0.208072
1.08601
0.574138
-0.099109
0.750869
0.0833976
0.403984
-0.0884678
-0.44904
-0.257281
0.312435
0.320546
-0.0892253
0.0235727
0.0464423
-0.293258
0.564458
0.27891
1.0733
0.689269
1.33601
0.99368
1.20473
0.479177
0.218538
0.251225
0.296172
0.976022
1.69497
1.03244
-0.268681
-0.696737
-0.527045
-1.48667
0.291463
-0.328183
-0.336781
0.0612062
-0.287464
0.572141
-0.427911
0.483463
-0.292989
0.238943
0.285149
0.281971
0.435843
0.0276525
-0.161543
-0.605077
-0.046614
0.463716
0.563397
1.07216
1.16765
0.712864
0.517021
0.616858
-0.629322
0.166779
-0.289553
-0.283353
-0.257486
0.241618
0.195415
-0.308075
0.0122151
0.342211
0.590474
-0.1258
-0.729836
-0.930266
-0.78377
-0.150625
0.172533
-0.807944
-0.243906
0.143971
-0.280218
-1.23449
-1.26205
-1.8332
-1.64506
-0.897396
0.297377
0.547371
-0.567311
-1.22933
-0.571378
-0.908416
0.790701
1.54253
1.342
1.66281
1.60021
1.22565
0.75153
0.258843
0.195124
0.711598
-0.172511
-0.563752
-0.822952
0.200551
0.869567
1.37038
0.0791214
0.319306
-0.247304
0.648966
0.406388
1.77284
1.61942
0.807561
0.446235
0.010382
0.304172
0.708378
0.15558
-0.237532
-0.210901
-0.576316
-0.419241
-0.777836
-1.67561
-1.4803
-1.18504
-1.18738
-0.860892
-0.79942
-0.750698
-0.319208
0.0810227
-0.58725
-0.398654
-1.29603
-0.919124
-1.66716
-1.07888
-0.162236
-0.211655
-0.0318203
0.0917753
1.58755
0.685591
0.0859458
-0.432143
-0.322664
-0.62526
-0.754734
-1.3308
-0.39938
0.408445
0.0352856
0.130136
-0.159422
-0.851868
-1.09292
-1.10578
-1.14664
0.605923
0.468511
1.19436
1.30476
0.698829
0.580931
-0.0909313
-0.254786
-0.0717897
-0.026055
0.386829
-0.107482
0.144775
0.00498275
0.299644
0.218601
0.0736787
0.0124964
0.209946
0.725104
-0.0218451
0.0607556
0.809665
0.223497
0.207304
-0.582517
-0.348654
0.588346
0.016225
-0.275816
-0.509881
-0.496253
-0.332887
0.0614396
0.278319
0.326651
0.981808
0.903
0.248015
-0.465654
0.421138
0.516193
0.941296
0.835446
0.868524
0.541018
0.685832
0.404338
0.438145
-0.0264385
0.113066
-0.0362418
-0.39293
-0.394961
-0.25497
-0.96517
-0.335771
-0.355227
-0.0303493
0.560917
0.0785898
0.941387
-0.838487
-1.32247
-0.542491
0.00536218
0.180369
-0.30399
-0.0276928
0.658671
-1.49377
-0.151806
-0.0855552
0.707184
0.856421
0.806298
0.0808838
-0.491725
-1.53037
-1.22399
-0.344433
-0.136769
-0.971369
-0.76734
0.497146
0.38275
0.384698
0.184363
-0.0836739
-0.84076
1.10128
0.916797
0.198713
-0.373522
0.246276
-0.170981
0.0456504
0.0267046
0.348454
1.16934
0.0509546
0.192979
0.696887
0.911224
1.1621
0.767625
1.28865
1.20915
1.06458
0.198085
-1.34296
-1.18943
-1.14743
-0.580935
-0.820122
0.177531
0.274159
-0.458451
-0.882765
-1.4022
0.765436
0.455247
0.388674
-0.246625
-0.090828
-0.240637
-0.00595323
-0.33332
0.0723314
0.955238
0.383562
0.236579
0.329233
-0.330523
0.14798
0.222021
0.638877
0.801519
0.437137
0.75516
