-0.679472
0.0149956
-0.224413
-0.0120057
-0.367305
-0.767565
0.181321
-1.12345
-0.79463
-0.242194
1.47747
0.35787
-0.0108674
0.491801
-0.468097
0.0786388
1.60725
1.60399
0.85731
1.88163
0.469536
-0.526981
-1.07176
0.197911
0.343997
1.04962
0.021849
-0.908646
0.124677
0.0162848
-1.32272
-1.36935
-1.53209
-1.09359
-0.984434
-0.991442
-0.442718
-1.39771
-1.65364
-0.983895
-0.0328292
-0.8121
-0.943224
-0.855103
-0.981783
-1.15503
-0.44289
0.219554
-0.646222
-0.674373
-0.0164145
-0.885436
0.024601
0.187414
0.037879
-0.176301
0.978327
1.9241
0.81171
0.44005
-0.219016
-0.280749
0.419845
-0.405782
-2.03934
-1.32677
-1.13617
-1.8922
-1.38855
-1.58981
-0.137533
-0.398777
-1.24589
-1.39777
-0.0471763
-0.0910291
-0.123904
-0.340477
-0.476831
-0.256124
-0.515906
-0.517992
-0.661281
-0.97959
-0.245028
0.423229
-0.337233
-0.141073
-0.729893
-1.01062
-0.580852
0.445335
0.452675
0.226036
-0.216253
0.772118
0.488289
0.0696696
-1.02249
-0.688686
1.10437
0.275658
0.139153
0.0996171
-0.440949
0.00872923
1.04249
0.182006
0.31013
0.199436
0.542568
-0.584202
-0.471623
-0.225855
0.0339553
-0.35579
0.0185657
-0.429172
-0.245803
-0.721484
-0.827689
-0.589876
-0.576808
0.0460558
-0.868047
0.64468
-0.499608
0.619382
0.37417
-0.100484
0.991612
0.994237
0.566496
0.669164
0.0753671
-0.413826
-1.1929
0.0960943
0.203556
0.907515
0.0802795
-0.748371
-0.884873
-1.31098
-0.487019
-0.210575
0.594339
1.35724
0.364741
0.72961
-0.468599
0.0948766
-0.262024
-0.439955
-0.0506647
-0.44445
-0.282947
-0.0100537
-0.0298409
-0.0498848
1.02524
1.3074
0.326958
-0.427724
0.0938964
-0.260876
-0.883022
-0.104348
-0.727622
-0.436079
0.924865
0.756428
0.793596
-0.676073
-0.48712
-2.24274
-0.661403
0.859323
-0.360985
0.0161418
-0.44259
0.565595
0.690764
0.682853
-0.378641
0.698261
-0.123958
-1.40192
-0.355634
0.524621
-0.273596
0.581994
-0.360896
-0.758388
-0.84907
-0.368647
-0.415779
0.349411
0.0479392
-0.013163
0.237833
-1.11661
0.166019
0.290577
-0.24047
-0.566093
-1.14072
0.160615
1.14981
0.294132
-0.340983
0.648511
-0.545554
0.0769148
0.731335
-0.17434
0.253832
-0.287385
-1.02081
-1.28923
0.282112
-0.358647
0.822705
2.37126
0.841706
0.177669
0.458238
0.409962
0.607826
0.333165
-0.411815
0.698439
0.737638
-0.450288
-1.31355
0.0783453
-0.0364058
0.43307
-0.542739
-1.18636
0.0264578
0.209135
0.477844
0.738844
0.292918
-0.0916459
0.148886
0.118029
0.253434
0.30866
0.491773
-0.00335129
-0.108021
-0.668289
0.360686
0.905909
0.642965
1.29097
0.159685
0.425055
0.560702
0.771881
0.463178
-0.198582
-0.233902
0.374174
-0.00152145
0.47106
1.2013
0.900373
-0.415685
0.152717
-0.875704
-1.36964
-1.54668
-0.669917
0.155335
0.208986
0.416432
-0.567523
-0.272182
0.520216
-0.235152
0.0053923
-0.527698
-0.364012
0.0325254
0.101503
-0.479606
-0.907494
0.562342
-0.083053
-0.708937
-1.05631
-0.0179819
-0.595778
0.279097
-0.39244
-0.224683
-1.0432
0.191863
-1.06701
-1.11721
-1.40518
-0.971172
-0.885099
-0.844864
0.158207
0.248775
0.346932
0.585004
-0.182507
-0.185579
0.308663
-0.98094
0.52027
0.184978
1.05932
-0.334838
0.532942
-0.300548
0.617013
-0.356698
0.0664195
-0.365637
-0.632664
-0.689723
0.398283
-0.188688
-0.218562
-0.0609911
0.349433
1.06238
1.42689
0.526589
0.0740642
0.215577
0.851158
1.12675
0.636472
-1.31842
-0.680508
-1.30104
-0.704857
0.332937
-0.0622829
-0.0891105
-0.0601666
0.259394
-1.60902
-0.302349
-0.466679
-0.865551
-0.327551
-0.321599
-0.227142
-0.0898085
-1.48634
-0.982629
-1.03513
-0.148496
-0.415415
-0.492502
-0.278227
0.528798
0.188634
0.740033
0.650294
0.509321
-0.157551
-0.330003
-0.10631
0.122047
0.399989
0.168073
0.975199
0.163965
-0.450157
-0.343584
-0.133332
-0.35556
-0.833777
-0.597602
0.418499
-0.267701
-0.701581
-1.02319
-0.447541
-0.182467
-0.153155
-0.836
-0.127471
0.907899
0.282091
0.239458
0.379558
0.826267
-1.40043
-1.13002
0.0129594
0.421399
-0.811121
-0.193714
-0.465407
-0.620473
-0.58995
-0.788029
0.856799
0.961577
0.242663
-0.248827
-0.167644
0.74137
-0.525047
0.49938
0.749072
0.143071
0.118114
-0.30689
0.251717
0.360255
-1.28153
-1.18669
-1.22061
-0.61007
1.12467
1.2967
-0.061893
-0.452239
0.0267473
0.111197
1.03828
-0.501718
-0.817617
-0.386559
-0.240072
0.441029
0.877683
0.694288
0.127479
0.338013
-0.0757806
-0.550801
-0.449463
-0.0916743
0.463281
-0.48986
-0.587773
0.567342
0.103018
-0.495566
0.322951
0.513996
-0.0675409
-0.100418
-0.487544
0.222739
-0.0842106
0.408014
-0.216229
0.0365346
-0.217357
0.796517
0.736477
0.74777
0.217651
-0.442492
1.01174
-0.889176
-0.461397
-0.283439
0.323471
0.163918
0.255299
0.146505
-0.0859343
0.465248
-0.941497
-0.0815635
0.0492369
-1.69353
-1.68486
-1.69085
-0.976434
-0.400799
-1.31619
-0.0882697
1.04186
0.627994
-0.433018
0.365686
0.775336
-0.387742
-1.03271
0.201958
0.286694
0.767837
0.625073
0.446022
-0.0657846
0.112746
0.973886
1.31427
1.71804
1.64484
0.444586
-0.0527496
-0.828485
-0.613247
-0.895044
-0.937363
0.929843
0.69394
1.12986
0.333745
0.128123
-1.2816
-0.802795
-1.11952
-1.15074
-0.410102
-0.366016
-0.607753
-0.367677
0.322285
0.851152
0.305508
0.162266
-0.286157
-0.0687362
0.0600497
-0.286017
-0.0453673
0.511163
1.12162
2.18833
1.18753
1.02424
1.02921
0.0871902
0.629195
-0.195369
1.27999
0.609667
-0.270325
0.0114238
-0.193759
0.299247
0.64735
0.883518
-0.52762
-0.956266
-0.403595
-1.11044
-1.25788
-0.542187
0.141283
-0.494405
-0.66004
0.00357793
-0.627086
-0.375475
0.0658898
-0.201337
-0.74768
0.607967
-0.0239566
0.783435
0.678209
-0.60179
0.010503
-0.17858
-0.932925
-0.61218
-0.253312
0.272512
0.717283
0.360539
0.41633
-0.398594
-0.630258
-0.639685
0.0993357
-0.390496
0.444421
-0.0276393
-0.739651
-0.161763
-0.165569
-0.588935
-1.14786
-1.1233
-0.0910466
0.210203
-0.0733663
-0.0551768
-0.207289
-0.60953
-1.66754
-1.47483
0.828591
0.0342281
-0.312043
-0.515827
0.52749
0.938395
0.533387
0.363763
0.175292
1.12529
-0.467659
-0.108096
-0.169791
0.248611
0.395691
-0.398303
-1.75608
-0.732192
-0.702093
-0.390168
1.13456
-0.383357
0.463878
1.66766
1.03511
0.185921
-0.777921
-0.0145369
0.637936
0.864033
-0.170737
-0.386918
-1.10318
0.494588
-0.0153984
0.765761
1.30614
1.54756
0.801336
0.402107
-0.414029
-0.76175
-0.803777
-0.625245
-0.648295
-0.850341
0.0433702
0.40042
0.872806
0.202482
0.334724
-0.52769
-0.229901
-0.676816
-0.372019
-1.18547
-0.70812
0.0111749
-0.70667
-0.286225
-0.184398
-0.956115
-0.789691
-1.40757
-0.490232
0.224186
0.301054
-0.751349
0.641871
-0.27441
0.653647
0.107107
-0.580919
0.258634
-0.963054
-0.787835
-0.0427653
-0.391504
-1.14912
-0.764292
-0.435433
-0.193672
0.523842
0.618785
0.371397
1.543
0.82366
0.256797
0.73325
0.350031
-0.403017
-0.440531
0.139005
-0.11186
1.09248
0.624514
-0.564537
0.125805
0.235741
-0.124087
-0.495409
-0.584413
-0.238962
-0.161531
-0.150136
0.634374
0.37894
-0.422816
-0.487596
-0.087164
0.110587
0.173256
-0.291332
0.62192
-0.0613767
-0.240612
0.685818
0.734858
0.574304
0.655749
-0.932041
-0.616924
-1.305
-1.17225
-0.666625
-0.83683
-0.00296652
-0.692759
0.128428
-0.789079
-1.99308
-2.50345
-0.649703
-0.524939
-0.307166
-0.279946
0.680681
0.193343
0.631289
-0.414876
-0.104209
-1.01174
-0.261728
-0.344945
-0.457177
-1.26829
-0.168116
-0.0830206
1.09652
0.465644
0.475569
0.368721
0.518502
0.758589
0.822241
0.283303
1.00635
1.14747
0.415789
-0.162446
0.868851
0.423163
0.166301
1.0198
0.84448
0.654214
0.000849209
0.355457
2.10967
1.99465
0.59893
0.000805177
-0.956837
0.433529
0.558615
1.67634
0.727079
1.10973
1.54219
1.80849
-0.823612
-0.900035
0.39721
1.58957
1.84109
0.0760104
-0.79249
-0.347923
-0.0274597
-0.797999
-0.462675
-0.280313
0.0304958
0.163293
-0.0726995
-0.556572
-0.713625
0.183972
0.682379
0.322243
0.591712
1.44636
0.376942
0.0812556
0.535144
-0.201322
-0.453878
-0.462568
-0.26072
0.6806
0.164459
0.087727
1.55369
1.75674
0.464651
0.176279
0.318923
-0.79529
-0.531155
-0.518846
-0.130207
-0.415625
0.586488
0.269828
0.327019
-0.0226185
-1.07475
0.410017
0.642507
0.361903
-0.371937
-0.244054
-0.255311
-0.366329
-0.283674
0.178354
1.23191
0.251123
-0.300086
-1.19295
-1.49536
-0.215947
-0.815459
-0.694045
-0.662138
-0.225782
0.135443
-0.0783875
-0.219699
-0.810596
-0.180696
-0.261657
0.775533
0.240313
0.470088
0.6761
1.02028
0.986593
0.381638
-0.783378
0.0824403
-0.0990708
0.423612
-0.315169
-0.222981
-1.09791
-0.25083
-0.0539969
-0.0480081
-0.385258
-1.04957
-1.02373
-0.430948
-0.560951
0.0736153
-0.204498
-0.436013
-0.828386
-0.369421
-0.257918
1.13752
0.946171
1.11709
0.641711
0.634235
-0.124957
-0.719247
-0.528268
-0.922368
0.487945
-0.408071
-0.784359
-0.403222
-0.211315
-1.10775
-1.18233
-1.69095
-0.897358
0.324272
0.530669
0.988077
0.213289
-0.0721747
-0.286155
0.786705
1.65724
1.56077
0.0427048
-0.104821
0.767283
0.384397
1.12366
0.798316
0.192287
0.138198
0.176535
0.766246
0.0238491
0.513434
0.385831
-0.341014
-1.11833
-0.219069
-0.0142108
1.0572
0.317225
-0.396233
-0.457809
-0.28286
-0.492701
-0.42257
-0.354741
0.172146
0.174675
-0.308826
0.190149
-1.11409
-1.55051
-0.313533
-1.02387
0.0178885
-0.142931
-0.305245
-0.474702
-0.748028
-1.2441
-0.916293
-0.752904
-0.105403
0.249198
-0.737692
-0.674385
-0.180282
-0.194096
-0.449996
0.382715
0.277067
0.200306
-0.232488
-0.29042
-1.23745
-0.775282
0.913503
0.920547
0.0974619
1.22378
-0.0902505
-0.0188393
0.0260572
-0.117422
0.254669
0.676771
-0.0742424
0.062987
0.800796
0.0154445
-0.356125
-0.073437
0.514331
0.885268
0.678829
0.249226
-0.679021
-0.0390549
0.891872
-0.0717716
0.158262
0.136055
0.228956
0.414232
0.359838
-0.400418
-0.583491
-0.209385
-0.0151537
0.698347
0.557887
0.297423
-0.0566439
-0.709956
