-0.312775
-0.759285
-0.718916
-0.51519
-1.0535
-0.736981
-0.371275
-0.137462
-0.340082
-0.243893
0.684401
0.64836
1.03344
0.72092
1.06577
1.10194
1.11516
1.1606
1.23712
0.738629
-1.80463
-1.79691
-1.82729
-1.14568
-1.41057
-1.42361
-1.52822
-1.5286
-1.06084
-1.84597
0.209869
0.61537
0.177931
0.555459
0.587766
0.00862714
0.294048
-0.11218
-0.0175439
0.0853841
-0.316697
-0.337218
0.194435
0.729544
0.752477
0.974173
0.435567
0.593694
0.0502118
-0.242858
1.0058
1.30948
0.992959
0.907601
0.890237
0.932316
0.756235
0.0891964
0.177802
0.620549
0.462701
0.191468
-0.0372524
-0.359865
0.176535
0.713673
0.685524
0.208576
-0.16124
-0.0613452
-0.467239
-0.753239
0.0360342
0.513688
0.364325
1.07102
0.446033
0.237944
-0.595952
-0.225376
0.257238
0.358906
0.624005
0.353021
0.630896
1.33216
1.50087
1.3302
0.677415
-0.223466
-0.177243
0.437545
0.420851
0.36285
0.511302
-0.0246422
-0.436105
0.193018
-0.0866008
-0.487704
-0.392855
-0.529862
-0.297592
-0.323723
-0.69734
-0.79072
-0.636572
-0.690092
-0.763672
-0.00728124
1.9538
1.77598
2.35497
1.42284
1.19892
0.816109
1.92549
1.38337
1.78276
1.93814
0.185211
0.533566
0.736664
0.669563
-0.0261551
-0.644462
-0.540574
-0.245752
-0.329764
0.133621
-0.449142
-0.491853
0.172055
0.0870294
-0.103807
-0.226268
0.428695
0.430783
0.104352
-0.0692407
1.58781
1.50586
1.02291
1.38749
1.29361
1.11459
1.1877
0.619382
0.550243
0.881292
0.795398
0.739378
0.0910209
0.414668
1.06407
0.908756
0.985807
0.263444
0.836815
1.23159
-0.851032
-0.7136
-0.888212
-0.93868
-0.364823
-0.0471172
-0.331555
-0.917135
-0.715542
-0.213367
0.0158461
-0.113662
0.616189
0.284848
0.114972
0.927188
0.997765
0.85956
1.04455
0.852703
-0.249075
0.24198
0.024375
-0.125954
0.0319073
0.00586525
0.155648
0.486168
0.94388
0.456556
-0.530024
-1.00579
-0.655486
-0.500079
-0.637484
-0.374403
-0.3482
-0.282295
-0.658366
-0.809151
-0.233791
-0.494688
0.31954
0.157272
0.191618
0.0104914
0.340555
-0.187159
-0.081689
0.371847
-0.694179
-0.780517
-0.987807
-0.915405
-0.496887
-0.55255
-0.521314
-0.720974
-0.889617
-1.31537
0.894179
1.38126
1.72454
1.66297
0.804348
1.0758
1.19271
0.373901
0.233568
0.621649
-0.505071
-0.733435
-0.288973
0.143868
-0.304677
-0.586147
0.14967
0.434286
0.0626407
-0.564526
-0.827123
-0.671561
-1.03317
-0.714735
-0.505114
0.223232
-0.414434
-0.430878
-0.510134
-0.806381
0.504581
-0.263221
0.554832
0.749151
1.1549
0.885772
-0.0870518
-0.0201706
0.10818
0.634673
-0.399093
0.407861
-0.410579
-1.23064
-1.12748
-0.618983
-0.699163
-0.661321
-0.273468
-0.444302
-1.09674
-1.28981
-0.606834
-0.476289
-0.294473
-0.365395
-0.195513
-0.0470701
-0.53255
-0.944038
-0.554117
-1.03064
-1.1548
-1.04419
-1.0754
-0.86458
-0.834678
-0.884109
-0.902044
-1.05082
0.170174
0.176924
0.13633
0.147013
-0.31445
-0.820754
-0.838597
-0.1126
-0.251952
0.0865822
-0.39484
-0.322299
-0.734768
-1.11097
-1.11341
-0.437724
-0.411019
-0.622472
-0.88272
-0.56085
0.0469633
0.686377
0.02734
-0.359827
-0.473176
-0.207464
-0.300656
0.154069
-0.623635
0.0720513
-0.379466
-0.194923
-0.438972
-0.522293
-0.407256
-0.800396
-0.266751
-0.108722
0.00486228
-0.217952
-0.649622
-0.818307
-0.036365
0.160095
0.0444403
-0.290941
-0.343506
-0.156895
-0.010754
-0.240382
-0.434255
-0.537481
-0.713513
-0.139637
0.727785
0.877154
0.102639
-0.508414
-0.286851
0.0522704
0.376982
0.322437
-0.408369
-0.013941
-0.116758
-0.152768
-0.0381767
0.369953
0.805524
0.295869
-0.120808
-0.0352819
0.0116352
0.290338
-0.254231
-0.648469
0.1439
0.238558
0.413853
0.515214
-1.03828
-0.540139
-0.735429
-0.80006
-0.559248
-0.217143
-0.031409
-0.303011
-0.586893
-1.11992
-0.368738
-0.408283
-0.276784
-1.21091
-1.15099
-1.28171
-1.23646
-0.0100362
-0.302192
-0.669751
-1.02346
-1.33651
-1.65036
-1.0536
-0.330943
-0.938063
-0.681815
-0.937506
-0.788126
-0.981631
-0.867088
-0.541432
0.292237
-0.25562
0.257611
-0.245578
-0.817182
-0.57626
-0.52099
-1.0074
-0.311097
-0.331607
-0.617952
-1.01272
-0.594167
-0.65525
0.124746
0.858335
0.660742
0.0789922
-0.18769
0.072774
-0.183219
-0.738486
-1.00761
-1.00175
-0.738739
-0.87266
-1.78493
-0.708945
0.00829402
0.449388
0.675981
0.872214
0.792742
0.500167
0.652461
-0.0603154
0.275224
0.202708
-0.0156915
1.04424
0.634535
0.772604
0.63507
0.118909
0.722284
-0.153391
-0.667673
-0.258164
1.99243
1.72037
1.32315
1.72376
2.01216
1.7853
1.23762
1.5379
1.9329
1.97497
-1.1222
-1.58209
-1.21073
-0.490706
-0.310379
-0.229129
0.323003
-0.474883
-0.811729
-1.04161
0.462355
1.10102
0.953047
0.691812
0.937755
1.89623
1.45968
0.723895
0.0408155
0.186109
0.414036
0.582066
0.69253
0.402202
0.684179
0.467174
0.143646
-0.168892
-0.382179
-0.168428
-0.956804
-0.884679
-0.67262
-1.00283
-1.19335
-0.996331
-0.882439
-0.775688
-0.979112
-1.80505
-0.71204
-1.1587
-1.12989
-1.1438
-1.36623
-1.00991
-0.716697
-0.890672
-0.88175
-1.04031
0.463107
0.122271
-0.355916
-0.177002
-0.231355
0.0203241
0.0896763
0.231103
0.718414
0.272629
-1.17765
-0.793503
-0.344102
0.553319
-0.38042
-0.68984
-0.320127
-0.058542
-0.321745
-0.602549
-0.365527
0.197807
0.350591
-0.469951
-0.37986
0.0853136
0.250681
0.472167
0.445841
0.0196603
1.67286
0.962134
0.460012
0.916248
0.698629
0.245035
0.270118
-0.130083
0.186044
0.635234
0.419141
0.580633
0.794644
0.991523
0.502469
0.491054
0.355067
0.386923
0.549667
0.478806
1.30977
1.08543
1.35136
1.43984
0.514059
1.13405
2.34158
2.12976
1.57403
1.74008
-0.680217
0.0120966
-0.598447
0.246434
0.236355
0.68201
0.80903
1.32441
0.882606
0.861786
-0.253578
0.356671
0.226188
0.708179
-0.032401
-0.88356
-0.842374
-0.684176
-0.639108
-0.0511389
-0.150333
0.560843
0.0221185
0.225729
0.47794
0.116566
-0.155001
-0.183057
-0.672696
-0.642645
0.374243
1.26071
0.502241
0.518063
-0.015894
0.210859
0.12246
0.171932
0.593014
0.883384
0.0702999
0.0758719
-0.251891
0.0497525
0.780561
0.495666
-0.248827
-0.308707
0.0736443
0.220984
0.679828
1.1363
0.842127
0.880971
0.426891
1.04535
1.3971
1.45154
1.02791
1.1009
0.729962
0.621551
0.186488
0.686764
1.00421
-0.098144
-0.0589279
-0.0565844
0.303709
0.368359
-2.12541
-1.57199
-1.79851
-1.79748
-1.48506
-2.2487
-2.33903
-2.8613
-2.33737
-1.79292
2.07899
1.65657
1.2503
1.2252
1.629
1.48519
1.7939
1.61547
1.64005
2.55098
0.972781
0.760481
1.01873
0.483201
0.508407
0.47826
0.308898
1.25242
0.71524
0.396639
-0.554288
-0.466718
-0.532175
-0.366103
-0.319728
-0.309159
-0.0200701
-0.336284
-0.342977
-0.56485
-0.180002
-0.232551
-0.741225
-0.804092
-0.483426
-0.194917
-0.499789
-0.351736
-0.843651
-0.679059
0.783742
-0.062306
0.155074
1.21743
1.31884
1.02904
0.645906
-0.000324341
0.0320937
0.0175402
1.36087
1.21587
1.36476
1.29866
1.15232
0.774892
1.36776
1.49363
1.64836
1.64468
-0.0616272
-0.684679
-1.17249
-1.30538
-1.83133
-1.24943
-1.12749
-0.780329
-1.13144
-0.895186
-0.593072
-0.33221
-0.124461
-0.224231
0.204069
0.132784
-0.183083
0.277487
-0.179027
-0.174626
0.320697
0.789213
0.64287
0.621879
0.246513
-0.561962
-0.202721
-0.0239068
0.742125
0.407405
0.929758
1.04205
1.64319
0.842119
1.03267
0.551909
0.917314
1.17734
0.343736
0.703908
-0.376351
-0.581359
-0.159635
-0.211876
0.0234609
0.0863364
0.591229
0.570763
0.756969
0.331681
-0.581441
-0.831903
-1.28037
-0.209394
-0.443257
-0.0756384
-0.137351
-0.205136
-0.578136
-0.675735
-0.478833
0.136998
-0.057899
-0.0451897
-0.01197
-0.067382
-0.221964
-0.0315912
-0.549337
-1.58139
1.29629
0.996899
1.478
1.38612
0.65349
0.433927
0.393788
0.978056
1.40654
1.50593
-0.0460407
-0.200182
-0.255504
-0.301854
-0.793017
-0.70787
-0.633527
0.495897
0.381418
0.00706572
-0.276183
-0.33967
-0.282749
-0.33039
-0.533611
0.11024
-0.229943
-0.0662614
-0.285093
-0.151621
-0.292329
0.379098
0.351143
0.457631
0.555498
0.471841
0.324356
-0.125954
0.310436
0.0682566
-0.0894664
-0.219521
-0.31241
-0.0481786
-0.915056
-0.959952
-0.545278
-0.494202
-0.417831
-0.658087
0.239215
-0.0253833
-0.171375
0.237268
-0.631583
0.0157606
-0.596249
-0.453188
-0.416206
0.32597
0.392414
-0.392754
-0.153955
-0.0452911
0.693931
0.311254
0.803872
0.760937
0.577338
1.0407
-0.777304
-0.357338
-1.12134
-0.0912601
-0.0104546
0.0087593
-0.29981
-0.663417
-1.20653
-0.899555
-0.336026
-0.393209
-0.136646
0.62396
0.394867
0.154686
-0.0105379
0.727413
1.18372
0.714307
0.0903699
-0.312356
-0.32269
0.259797
-0.0564112
-0.272984
-0.0897956
0.740696
0.587418
0.516122
0.0846924
-0.302597
-0.726262
-1.43159
-0.845826
-0.182597
-0.537063
0.268465
0.357123
0.000132036
-0.875654
-0.222695
-0.194137
-0.168682
-0.739595
-0.751296
-1.14293
-0.86816
-0.526577
-0.629857
-1.49187
-1.45392
-1.40288
-1.41943
-1.39608
-1.582
-1.91372
-1.56666
-1.46439
-1.69633
-1.39265
-1.03032
-0.830403
-1.49612
-0.922177
-0.669466
-0.733957
-1.07215
-1.33448
-1.28756
-0.175283
0.428148
0.520557
0.533457
0.236084
-0.10453
-0.0513254
-0.00362502
-0.470418
0.0723062
0.960827
1.23218
1.19681
0.624035
1.02645
1.43013
1.62389
1.01412
1.12423
0.838973
-0.499199
-0.379879
-0.791141
-0.461271
-0.196484
-0.397138
0.465032
0.477106
0.917446
0.0314522
-1.37797
-1.54626
-0.71347
-0.738648
-0.528425
-0.567191
-0.907053
0.162637
-0.430647
-0.370457
1.19332
1.61064
1.09991
0.249041
-0.021172
-0.422351
0.427619
0.471562
0.228443
0.818818
0.0458398
0.551716
0.647522
0.613816
0.0508238
0.157199
0.296843
0.305764
-0.393071
-0.0118052
0.01177
0.649574
0.644881
0.390233
-0.349892
-0.412515
-0.621842
0.114872
-0.147868
0.474996
0.618699
0.313079
0.669513
0.226974
-0.0838506
-0.00753358
-0.451523
-0.306668
-0.160892
0.715807
