-1.18093
-0.18056
0.599058
0.212221
-0.128328
0.132332
-1.08335
-1.05618
-1.27058
-1.32696
0.419111
0.21334
-0.409656
-0.548584
-0.477165
-0.505714
-1.08249
-0.795613
0.268219
0.561624
0.295918
0.439537
-0.290544
0.635112
0.44261
-0.380606
-0.0884156
0.0427698
-0.319797
0.523481
0.23241
0.00737318
-0.625256
-0.801249
-0.265023
0.0830894
0.445057
0.377732
-0.113228
0.00841524
-0.232132
-1.37083
-1.44138
-1.54583
-1.29639
-0.441649
-0.561729
-0.652103
-0.0522176
-0.0788926
-0.916466
-0.484817
0.0519766
-0.433919
-0.744816
-0.986426
-0.5556
-0.230367
-0.382382
-1.42209
0.348543
0.772033
0.935924
0.502556
0.538821
0.467425
0.112573
-0.0339583
0.14083
-0.521712
0.159506
-0.0232356
-0.136621
0.684308
0.830225
0.444169
0.450131
0.779504
0.793527
0.644333
0.490121
0.252592
-0.256209
0.152692
-0.244829
-0.512662
0.34705
0.208831
-0.115332
0.381984
-0.592218
-0.263423
-0.597845
-0.806254
-0.460272
-0.135678
-0.061326
-0.384923
-0.741994
-0.830329
-0.826887
-0.110298
-0.186435
-0.540427
-0.736829
-0.288338
-0.0500874
-0.658354
-0.658991
-0.56669
1.17604
1.16137
0.866144
0.254215
0.76998
0.480331
1.11756
0.997431
1.37796
1.44082
0.320531
0.554087
0.706185
1.26649
1.09115
1.10889
0.289921
0.122964
-0.132212
-0.400058
0.549549
1.33896
0.970133
-0.207199
-0.211329
-0.0485179
0.306941
0.225992
0.382892
-0.0852767
0.633199
0.682259
1.04959
0.637524
0.304706
1.05949
-0.049051
0.0182811
0.22085
1.18262
-0.501905
-0.32203
-0.109712
-0.0084299
-0.418334
-1.06324
-2.01576
-1.77317
-1.0865
-0.767181
-0.183002
0.399628
1.16813
1.12862
1.52571
0.667017
0.741198
0.369178
0.542604
0.675329
0.0456241
0.758161
0.929905
0.742143
0.645079
1.1901
0.179912
0.820837
0.272433
0.200948
-1.19215
-0.978265
-1.28354
-1.05334
-0.803119
-1.26593
-0.6413
-0.909565
-1.2211
-1.62318
-0.593652
-0.112011
-0.429373
-0.561939
0.115231
0.829353
1.30144
0.618629
0.605664
0.0807415
-1.16477
-0.225658
0.0452066
0.0926183
-0.315723
-0.0430314
0.0248475
0.590277
0.619248
-0.165835
-0.506451
-0.342717
-0.229297
-0.251072
0.298268
0.570383
-0.178076
0.00385752
0.0310625
-0.148115
0.0448135
-0.563343
-0.713644
-0.404564
-0.259495
-0.396817
0.536903
0.494993
0.166284
-0.0706036
0.917827
1.17799
0.742845
0.639248
0.765156
0.753039
0.593757
0.433833
0.366438
0.832311
0.525378
0.466248
1.1187
1.42184
1.41071
1.3544
1.01509
1.4849
1.2388
1.27751
-0.246973
0.0864633
0.586828
-0.48652
0.280004
-0.305995
-0.922289
-1.01967
-0.596483
-0.702292
0.233538
-0.342997
-0.0622319
-0.471163
-0.351013
0.493225
0.187011
-0.117979
-0.31232
0.481002
-0.115137
-0.282094
-0.370057
-0.814494
-0.211934
-0.246568
-0.312905
-0.392967
-0.515447
-0.0156253
0.158861
-0.460753
-0.422289
-0.384004
-0.848154
-1.04415
-0.0944145
0.286284
0.574188
0.589177
0.616956
0.628823
0.882298
0.790297
0.00513837
0.60554
0.687141
0.615161
0.943089
-0.0676714
0.927059
1.48159
0.970217
1.16145
1.08159
1.23536
0.770027
0.535293
0.748016
0.936447
0.649227
-0.26498
-0.0263898
0.532992
-0.0748304
0.620062
0.635356
-0.281324
0.28941
0.708069
-1.02868
-0.391709
-1.09405
-1.61765
-0.947323
-0.532794
-0.691582
-0.141914
-0.395956
-0.937014
-0.390921
-1.63965
-0.66915
-0.813488
0.13864
-0.418482
-0.103057
0.296709
0.564549
0.548059
0.127966
0.294412
0.29065
0.203865
0.384443
0.414489
0.00309566
0.513204
1.10177
0.24361
-1.7737
-1.37284
-1.18559
-1.04365
-0.178218
0.102995
-0.30574
-0.548929
-0.420782
-1.50216
-1.1733
-1.4676
-0.810861
-1.39436
-0.545633
-0.257502
-0.78284
-0.954048
-0.299441
-0.210386
-0.46918
-0.631176
0.0765172
0.19497
-0.0397558
0.249699
-0.143379
0.621125
-0.433472
-0.45265
-0.669427
-1.34317
-1.42251
-0.827937
-0.843779
-0.500521
-0.75472
-0.741839
-1.08155
-1.83757
1.31617
1.0579
1.57577
0.895218
0.769945
0.0259121
-0.607734
-0.313602
0.642409
0.813781
-1.0913
-0.450855
-0.317364
0.26826
0.335567
0.198036
-0.113194
-0.218411
-0.518058
-1.1944
-1.53988
-1.45341
-0.644404
-0.67666
-0.503512
-0.574841
0.182488
0.234667
-0.49921
-1.20587
-0.468934
-0.663501
-0.518462
-0.954648
-1.05256
-0.829941
0.0162285
-0.414667
-0.0967196
-0.343657
0.338808
0.340472
-0.377654
-0.529077
-0.413236
-0.354783
-0.125736
0.323613
0.587948
0.0850433
-0.0460713
-0.0349841
-0.290041
-0.424836
-0.0153398
-0.415349
-0.384812
-0.235883
0.0204562
-0.152634
0.789343
0.687098
0.656491
0.654697
0.272512
0.31188
0.416859
0.380159
0.221719
0.462993
-0.0771404
0.0901578
1.21755
1.74314
0.895753
0.58705
0.503814
0.189914
-0.273303
-0.0829764
-0.0347333
-0.173838
-0.292764
0.424302
0.653344
-0.139071
-0.446738
0.250915
-0.460132
-1.07307
0.396034
0.104861
-0.229642
-0.211839
0.159444
-0.497434
-0.0296286
-0.0906256
-0.148582
0.0230342
0.376532
0.554167
0.620018
0.919689
0.649947
0.742367
0.601547
0.365392
0.0544471
0.720593
-0.67564
-0.263313
-0.186954
-0.0200241
0.165933
-0.29015
-0.294841
-0.322535
-0.674582
-0.849961
-0.447801
0.108534
1.21029
1.66509
2.16123
1.71194
1.32654
1.30071
1.0458
0.43643
0.348722
0.23607
0.333638
0.0524967
0.577548
0.496749
0.271293
0.138611
-0.053363
-0.100886
0.0466081
0.193704
0.291089
-0.346689
0.305909
0.359656
0.637177
0.253523
-0.0293433
0.306372
-0.411027
-0.206174
-0.520257
-0.414682
-0.0631197
-0.307464
-0.245135
-0.111042
0.124849
-0.199651
-0.372006
-0.667348
-0.30673
-0.154602
-0.964323
-0.158196
-0.506231
-0.526821
-0.469766
0.146496
-0.0440352
-0.195511
0.493361
0.406831
0.686856
0.919628
0.818101
0.753352
1.1461
0.339866
0.0401511
-0.390451
-0.35722
-0.826669
-0.835479
-0.88585
-0.467639
-0.22866
-0.18604
0.0613572
1.5923
1.2898
1.61417
1.13309
1.36699
1.90255
1.62704
0.945388
0.186231
0.849451
-0.123138
-0.26045
-0.498035
-1.0817
-1.51386
-0.69263
-1.00984
-1.15509
-0.797133
-0.894661
-0.622935
-0.145344
-0.20256
0.405847
0.599196
0.561795
-0.340141
-0.267037
-0.575644
-0.45722
1.51272
1.09361
0.260557
0.562018
0.409544
0.296831
0.954831
0.930494
1.56542
0.993646
-0.928891
-0.54472
-0.251314
0.243417
-0.128686
-0.748276
-0.91083
-0.704813
-1.47761
-1.59472
-0.283441
-0.662441
-0.00929699
-0.224868
-0.360654
-0.575026
-0.0710503
-0.41239
-0.682085
-0.287582
0.00565399
1.07964
1.16327
1.31309
1.60113
1.23625
0.915913
0.109466
-0.621442
-0.409355
-0.114658
-0.264712
-0.0719652
0.541301
0.167462
0.0380985
0.187408
-0.430993
-0.35369
-0.230681
0.128108
0.106959
-0.391933
-0.239615
0.191017
-0.0188183
-0.173062
-0.522945
-0.256377
0.161201
-0.329142
0.155649
-0.521807
-0.209184
0.327807
0.0935227
-0.0163497
-0.347737
-0.254101
-0.412587
0.579455
0.912101
-0.57067
-1.23685
-0.923222
-0.712422
-0.545806
-0.858982
-0.01531
0.370619
0.561944
0.711337
0.696342
1.11644
1.09055
1.9278
1.74702
1.68655
1.53331
1.43314
-0.824789
-0.969075
-0.229978
-0.130907
-0.765696
-0.217081
0.323432
-0.321776
-0.39231
-0.654005
-0.123293
0.773494
0.71699
1.40187
0.471417
0.282087
-0.517958
-0.473017
-0.339711
-0.175437
-0.761596
-0.935516
-0.387447
-0.395375
0.359907
-0.12638
-0.379031
-0.656901
-0.35386
-0.647647
0.231092
0.199552
-0.10144
0.254121
0.532893
1.18938
0.122085
0.614072
0.252731
-0.54036
0.306857
0.481656
0.246142
-0.267853
-0.245271
-0.516986
-0.0145417
0.198897
0.240152
0.221775
1.25952
1.0733
0.892826
-0.215809
0.0881165
0.394321
1.08414
0.754798
1.36458
0.963783
-1.39651
-0.490427
-0.720751
0.54121
0.292375
-0.707072
-1.20819
-2.14515
-2.10794
-1.29214
0.874377
1.32338
0.508793
-0.113617
-0.291041
-0.0499914
0.0689776
-0.077356
0.538418
0.567938
-0.199675
0.136845
-0.400137
-0.764638
-0.789559
-0.603472
-0.206953
-0.867813
-0.271748
-0.755913
0.258934
-0.658444
-0.346541
0.0124663
-0.178534
-0.328005
-0.586019
-0.0767735
0.45791
0.131259
-0.149894
-0.22935
0.187417
-0.224712
-0.280513
-0.183449
-0.322991
0.136256
0.544548
-0.0508685
-0.806011
0.0986227
-0.0517255
-1.0374
-0.492693
-0.796636
-1.21002
-1.08704
-0.918564
-1.06056
0.657487
0.316843
0.202819
0.229679
-0.107298
0.29076
0.732179
0.291768
0.279029
0.817926
-0.497963
-0.103347
0.298583
0.0668423
-0.0753505
0.303248
0.212195
-0.289355
-0.741475
-1.07359
-0.192437
0.161104
0.456299
-0.0558335
-0.155233
-0.731392
-0.898942
-0.260475
-0.371741
-0.805811
-0.338569
-0.317899
-0.568641
-0.812507
-0.966834
-0.99365
-1.40175
-1.45104
-0.751081
-0.275855
-1.66125
-1.86642
-2.61026
-1.85069
-2.17587
-1.38604
-1.00573
-0.438355
-0.603755
-1.42032
1.81499
0.757974
0.415568
0.559125
0.385623
0.628242
0.725232
0.916923
1.39626
1.73207
1.08127
0.703137
0.831485
0.89887
-0.222877
-0.0556885
-0.177633
-0.00889671
0.514057
0.825358
-0.228762
0.622793
0.184519
-0.569939
-0.304614
-0.254253
0.0801164
-0.083894
0.177857
0.403495
0.816537
0.307443
0.928884
0.143146
0.206242
0.0171474
0.5675
0.146899
0.999841
0.866961
-0.649481
-0.710379
-0.970625
-0.070868
-0.267964
-0.347624
-0.540739
-0.847129
-0.572103
-1.34313
2.5839
1.90117
1.05679
0.934366
0.623197
0.845383
1.06455
1.16059
0.469195
1.4506
-0.772478
0.018533
-0.289559
-0.224799
-0.317258
0.000819608
-0.798153
-0.246913
-1.19966
-0.562905
-1.25579
-0.765966
-0.712487
-0.540355
-0.410318
-0.0855832
0.259322
-0.0581413
-0.426131
-0.764579
0.142435
0.192709
-0.542103
-0.963593
-0.997899
-0.576987
0.31138
0.10833
-0.305366
0.088095
-0.32704
-0.540277
-0.127719
0.633603
0.0120394
0.961747
0.129695
-0.283836
-0.712638
-0.747756
1.66391
1.86362
1.67432
0.936979
1.34561
1.60985
1.31325
1.56212
1.5574
1.69659
0.580969
0.0158202
-0.48679
-0.406084
0.204113
0.139821
0.670495
0.761139
1.18558
0.699783
-0.00138003
-0.0904698
0.12506
-0.479486
0.298228
0.19566
-0.157023
0.166097
-0.380188
-0.59984
