-0.633387
0.239432
1.01669
0.565606
0.358175
-0.378012
-0.823069
-1.14126
-1.12693
-1.14915
-1.1999
-1.19125
-0.192954
0.168157
-0.127168
-0.253648
-0.389794
-0.490989
-0.762567
-0.476518
-0.612467
-0.105454
-0.0324829
-0.504612
-0.109334
0.333969
-0.714993
-0.469539
-0.62108
-0.285152
0.514177
1.21172
0.44129
0.597284
0.549441
1.4064
0.394182
0.700203
0.971692
0.682024
-0.29438
-0.481881
-0.0173148
-0.401721
-1.08333
-1.0383
-0.0537042
0.188502
-1.13099
-1.31911
0.507598
1.0477
0.922756
-0.0366913
0.700211
0.78595
-0.53208
0.195891
0.637081
0.942099
0.505109
0.371378
1.16831
1.84337
1.39396
1.39272
1.32855
1.25494
0.235087
0.265462
-0.426246
-0.196223
-0.020712
0.248686
0.195834
-0.119737
-0.32171
-0.309114
-0.130681
-0.154512
0.103928
-0.256421
-0.984482
-1.16847
-1.08638
-1.94331
-0.720495
-0.728744
-0.704973
-0.380951
0.0540087
-0.970391
-0.423239
0.307843
0.485703
0.675118
0.796738
0.201747
-0.235451
-0.545902
-0.0149012
-0.0162716
0.377139
0.0578393
-0.543345
-0.221333
-0.672204
0.272957
0.179212
0.202316
0.803167
0.416812
0.288769
0.245613
-0.494428
-1.30347
-1.45682
-1.35509
-0.240534
0.214341
-1.34494
-0.410381
-0.263391
-0.269156
-0.359275
-0.904506
-0.716197
-0.261423
-1.39085
-1.14974
0.282577
0.0370226
0.294407
-0.288282
-0.413506
-0.1224
0.2173
-0.718307
-0.286595
-0.337148
-0.703569
-1.25445
-0.567166
0.268896
0.418381
0.607376
0.498523
-0.319293
-0.607709
0.299256
0.119408
-0.660648
-2.23826
-1.625
-0.548237
-0.264307
-0.224261
-0.215634
-0.73697
-0.573126
0.958357
0.662633
-0.0830873
-0.750051
-0.857146
-0.871646
-0.793135
0.295591
1.67163
1.05939
0.00592071
-0.609171
-0.98383
0.0813234
-0.0650284
0.712122
1.17259
1.38827
0.628465
0.494341
-0.811806
-0.344204
0.258981
0.47489
0.299966
-0.399184
-0.391032
-0.107102
-0.05527
0.0217955
-0.189302
0.180762
-0.161555
0.490471
-0.275615
0.184715
-0.373521
-0.898429
-0.0771015
0.0149658
0.646486
0.454793
0.55057
-0.440042
0.424473
-0.0695299
-0.168016
-0.531273
-0.298816
-0.184581
0.515744
1.17831
0.0327406
-0.638697
0.412092
-0.148248
-0.635935
-1.19757
-0.701898
0.351355
-0.702423
-0.72302
-1.78544
-1.32801
-0.588121
-0.185561
-0.593376
0.600664
-0.278449
0.220031
-0.646742
-1.12288
-0.800889
-0.939785
-0.412039
-1.52152
-0.313219
-0.221833
0.422791
-0.103033
-1.02881
-0.0464504
-0.953578
0.0364277
1.05838
0.399511
-0.753372
-0.817581
-0.640344
-0.876866
0.289587
0.325028
0.411606
0.439401
0.570352
0.815698
1.34101
0.46986
0.136567
0.713763
1.48108
0.704963
0.304414
-0.335575
0.34381
0.0302143
0.402007
-0.173617
0.169507
0.680211
0.387246
0.790432
-0.330125
-0.00102331
-0.419195
-0.249294
0.422488
-0.427688
-0.378639
0.60054
-2.08275
-1.40462
-0.924631
-0.546806
0.434633
0.443285
-0.407986
0.5614
0.0763735
-1.1036
0.0252132
0.3838
1.04127
0.823981
1.35002
1.55153
0.765738
1.02008
0.338727
0.203341
1.09351
0.244759
0.266928
-0.188456
0.254957
0.308271
-0.156475
-0.12921
0.41224
0.339268
0.360016
-0.125438
0.079276
-0.339626
-0.926214
-0.625896
-0.398318
-0.262966
-0.373954
-0.282933
-0.815044
-0.164351
-0.578858
-1.13352
-0.559441
-0.309804
0.596488
-0.984033
-0.0134365
-0.517054
0.0646407
-0.330884
-0.817873
-0.871987
-0.681998
-0.846877
-0.537826
-0.456613
0.833228
0.960626
-0.870813
0.0500671
0.251935
0.114101
-0.0265525
0.0716323
-0.0897508
-0.158912
0.214102
-0.128337
-0.839846
-0.332887
0.140532
0.05856
-0.224742
-0.475271
0.0447562
-1.29084
0.0268202
-0.667882
-0.744814
-0.277477
0.393451
0.33325
0.348725
1.42815
1.1124
1.13525
0.719048
0.624679
-0.872842
-0.454614
-0.500574
-0.191745
0.305981
0.264568
-0.613331
-0.66682
0.550304
0.204139
-0.18571
-0.296209
0.160584
0.191649
-0.163364
-1.03808
-0.788949
-0.675087
0.389358
0.0717313
1.10959
0.35133
-0.177878
-0.313693
-0.457876
-0.264036
-0.429544
0.296083
0.226192
0.461681
-1.50372
-0.786119
-0.389604
-0.543923
-1.06032
-0.773891
-0.660328
-0.397675
-0.961172
-1.28525
0.00333635
0.236633
0.0702004
0.536517
-0.0297068
-0.648482
-0.315545
0.170114
0.721483
-0.0794803
0.633714
-0.156505
0.760135
0.427542
0.720579
0.307545
0.180195
0.307438
0.326448
0.312602
-2.44393
-1.58394
-1.24695
-0.998207
-0.82568
-0.249859
0.0595654
0.0108061
-0.326013
-0.931454
0.209605
0.263339
-0.230974
0.455729
0.157686
0.815212
0.362057
-0.624007
-0.602512
-0.0266429
0.878277
0.548937
0.915614
-0.16055
-0.532068
0.358044
-0.360206
-0.468472
0.0452198
1.04173
0.675019
-0.264529
-0.401803
-0.509955
0.55758
0.903061
1.38611
0.848589
1.61247
0.998148
-0.75669
-0.639931
-0.515844
1.08427
0.664094
1.08471
0.686045
0.436151
0.77991
0.807909
-1.10895
0.0508458
-0.115429
-0.277214
0.517446
-0.336677
-0.195926
-0.185365
0.169128
-0.579365
-0.778049
-1.97088
-0.408493
-0.307376
-0.714311
-0.901529
-0.878612
-0.0806823
0.278344
0.128876
0.753286
0.202917
0.395841
-0.115395
-0.668946
0.106091
0.227222
0.822255
0.970412
0.847381
0.189584
0.441692
0.449141
1.27291
0.994372
1.46032
1.90533
1.05572
1.62913
1.36188
-1.06893
-0.803529
0.000595091
-0.00386274
-0.949497
-1.0613
-0.226196
-0.319527
0.370411
-0.0398981
0.026423
1.18787
0.866647
1.49281
0.452679
0.855485
0.520983
-0.012787
0.590347
0.410509
0.855197
0.508247
0.122942
0.820158
0.436875
0.923965
0.0933626
0.245543
-0.0782887
0.59495
0.262107
-0.0375694
-0.364014
1.10385
0.640871
0.278358
-0.205994
0.497026
0.969438
0.0881839
-0.752057
-0.339973
-0.475726
-0.369251
-1.69294
-1.38251
-1.79321
-0.790819
-0.334041
-1.09941
0.127997
-0.01347
0.142386
-0.075205
0.552308
-0.107677
-0.746405
-0.630037
0.347525
0.496824
0.26637
-0.595516
-1.01685
-0.548265
-0.350332
0.662705
-0.283359
0.499694
0.249871
0.0458301
-0.996745
-0.549579
-0.361088
-0.222512
0.40054
1.0636
1.18081
1.23153
0.81321
-0.0606806
-1.1267
-0.672597
-0.7671
0.0952592
0.329917
0.315336
0.39358
-0.100358
-0.429472
-1.47521
-0.470619
-0.928109
-0.544215
-1.52722
-0.295152
-0.398447
0.79392
-0.319903
0.0877234
0.123987
0.374121
0.343295
-0.602453
0.433462
0.856506
0.433293
-0.318137
-0.00228226
-0.393701
0.0387262
0.265643
1.32052
-0.994011
-0.203554
-0.0586495
-0.280715
0.0462168
0.470708
0.637691
0.472251
1.42909
1.74368
1.40853
0.924647
1.78836
1.3012
0.554215
1.66608
1.65055
0.201298
-0.707898
0.466757
0.201343
0.52394
0.211545
-1.09194
-0.125528
0.367805
0.0207713
-0.550484
-0.231087
0.0303558
0.490443
-0.901866
-0.0611725
-0.871056
-0.244622
-0.751778
-0.458189
-0.164589
-0.603293
-0.380183
-0.960613
-0.253228
0.725858
0.839201
0.100393
-0.747031
0.305767
-0.498684
-0.590515
0.203605
0.261267
0.265123
0.982493
0.622534
0.0379943
-0.281189
-0.335343
0.219075
-0.101776
-0.835184
-0.178061
-0.182817
0.139002
-0.685478
-0.599201
-0.344181
-0.161294
-0.271528
0.193464
0.380607
0.206487
0.368123
0.299007
-0.425736
0.772028
-0.246512
0.187852
0.867837
0.717428
0.901445
0.531238
-0.231326
0.327546
1.21441
-0.189861
-0.447461
-0.248365
0.380967
0.58531
0.178677
0.737645
0.403421
-0.0567363
-0.172306
0.146769
0.598896
0.733571
1.08699
-0.560982
-0.118772
-0.657525
0.121072
-0.128666
-0.462575
-0.138636
-0.260648
-1.46339
-0.803122
-0.71284
-1.05615
-0.790394
-0.952741
-0.81521
-0.233862
0.0515108
-0.704849
-0.542434
0.185125
0.122413
0.985263
1.18158
1.50661
0.676518
1.79891
1.18724
0.491838
0.919046
0.64668
-0.303015
-0.887259
-0.589311
0.42618
-0.48874
0.228076
-0.176193
-0.255727
-0.646164
-0.389821
0.752252
-1.17356
-0.0394177
-0.137521
-0.821169
0.539598
0.877751
0.562036
-0.0418629
0.572556
0.47973
1.2373
1.18024
1.04798
1.07529
1.60108
1.3845
0.698455
0.0622932
-0.532524
-0.369793
-0.0658353
-0.150647
0.205753
0.697331
1.02772
1.1981
0.827201
0.18263
-0.361664
0.424976
1.42352
1.21622
1.0908
0.451061
0.197604
0.80249
0.749487
0.289261
-0.739109
-0.292455
-0.127008
0.189267
-0.176419
-0.0742414
-0.565204
-1.59107
-1.18873
-1.04159
0.0362543
-0.0670787
0.418971
-0.0648871
-0.43615
-0.536153
0.011569
0.0628678
1.46313
0.786809
0.228307
-1.05249
0.59912
0.566469
0.0481753
0.292205
0.382129
-0.279906
0.370842
-0.785013
-1.18491
-0.0842438
0.618088
-0.480449
-0.074836
-0.476026
0.272172
0.132892
0.837497
0.307402
0.462413
-0.572138
0.325162
-0.067441
0.186225
0.168614
-1.41824
-1.59589
-1.25142
-0.463574
-0.0533092
-1.09368
-0.852011
-0.177217
-0.467416
0.488174
0.399041
-0.289854
-0.20255
-0.742782
-1.52462
0.58303
0.508361
0.0995962
-0.342236
-0.0937167
0.322419
1.435
1.22703
0.682861
0.741078
-0.580895
-0.232929
-0.150471
-0.624112
-0.279842
0.141289
0.00536052
1.33996
0.000129216
-0.140737
-0.519995
-0.0248724
0.214593
0.623602
0.870388
1.46928
1.97503
0.967512
-0.127086
-0.338226
-0.52722
-1.61146
-1.90824
-0.590717
-0.457589
0.29564
-0.380322
0.166795
0.134759
-0.465778
-0.178416
0.597515
0.25305
0.178087
0.284075
-0.210035
-0.256271
-0.793269
-0.535787
-0.872064
0.128036
0.0338554
-0.681508
0.821536
1.8463
2.10112
1.48742
0.807846
0.257098
-0.0127837
0.949682
1.07819
1.19064
0.845962
0.487277
0.222995
0.701468
1.04907
1.45371
-0.372367
-0.280434
-0.298432
-0.795075
-0.404624
0.0655514
-0.504681
-0.204273
0.199571
0.321607
-0.276473
-0.162119
-0.687897
-1.18027
-1.43169
-0.616554
-0.414243
0.660494
1.02386
0.307181
1.00408
0.74766
-0.279011
-1.02594
-1.62347
-0.838553
0.0696702
-0.0292717
0.732667
0.930325
1.27631
-0.353825
-1.14655
-0.835954
-0.824559
-0.278885
0.609423
0.100409
-0.677453
-0.365298
-0.452131
0.340524
0.853824
-0.116215
0.13514
-0.312683
0.414096
0.274573
0.294385
-0.0839115
-0.800813
0.833982
0.934327
0.494226
0.564061
-0.386496
-0.924147
-0.365283
-0.249484
0.21478
0.927292
